 -3.9565502279040805e+000
 -3.9578142870735640e+000
 -3.9590598825049854e+000
 -3.9602870024514116e+000
 -3.9614956353401314e+000
 -3.9626857697727687e+000
 -3.9638573945254496e+000
 -3.9650104985487298e+000
 -3.9661450709680235e+000
 -3.9672611010833596e+000
 -3.9683585783697617e+000
 -3.9694374924770717e+000
 -3.9704978332303074e+000
 -3.9715395906296100e+000
 -3.9725627548503990e+000
 -3.9735673162434244e+000
 -3.9745532653348179e+000
 -3.9755205928263901e+000
 -3.9764692895954323e+000
 -3.9773993466949751e+000
 -3.9783107553538750e+000
 -3.9792035069768166e+000
 -3.9800775931444208e+000
 -3.9809330056133865e+000
 -3.9817697363164823e+000
 -3.9825877773626885e+000
 -3.9833871210372291e+000
 -3.9841677598016418e+000
 -3.9849296862939134e+000
 -3.9856728933284522e+000
 -3.9863973738962484e+000
 -3.9871031211648633e+000
 -3.9877901284785540e+000
 -3.9884583893582790e+000
 -3.9891078975018228e+000
 -3.9897386467837919e+000
 -3.9903506312557333e+000
 -3.9909438451461638e+000
 -3.9915182828606013e+000
 -3.9920739389816333e+000
 -3.9926108082689669e+000
 -3.9931288856595262e+000
 -3.9936281662674178e+000
 -3.9941086453840624e+000
 -3.9945703184781229e+000
 -3.9950131811956675e+000
 -3.9954372293601397e+000
 -3.9958424589724673e+000
 -3.9962288662109713e+000
 -3.9965964474315485e+000
 -3.9969451991676079e+000
 -3.9972751181301587e+000
 -3.9975862012077887e+000
 -3.9978784454667453e+000
 -3.9981518481509317e+000
 -3.9984064066819394e+000
 -3.9986421186590926e+000
 -3.9999999999999987e+000
 -3.9999905692086379e+000
 -3.9999622769235237e+000
 -3.9999151234114532e+000
 -3.9998491091171333e+000
 -3.9997642346631168e+000
 -3.9996605008498527e+000
 -3.9995379086556260e+000
 -3.9993964592365834e+000
 -3.9992361539267010e+000
 -3.9990569942377805e+000
 -3.9988589818594416e+000
 -3.8828617107653467e+000
 -3.8849239222547522e+000
 -3.8869683574199940e+000
 -3.8889949969803221e+000
 -3.8910038218229532e+000
 -3.8929948130031549e+000
 -3.8949679517441962e+000
 -3.8969232194378765e+000
 -3.8988605976444619e+000
 -3.9007800680929097e+000
 -3.9026816126811625e+000
 -3.9045652134761175e+000
 -3.9064308527139033e+000
 -3.9082785128001043e+000
 -3.9101081763098100e+000
 -3.9119198259878041e+000
 -3.9137134447488613e+000
 -3.9154890156777369e+000
 -3.9172465220293016e+000
 -3.9189859472290145e+000
 -3.9207072748725857e+000
 -3.9224104887266340e+000
 -3.9240955727284565e+000
 -3.9257625109863974e+000
 -3.9290418875596638e+000
 -3.9306542949479049e+000
 -3.9322484947383041e+000
 -3.9353822115592028e+000
 -3.9539667662093025e+000
 -3.9526473880480992e+000
 -3.9513095948767676e+000
 -3.9369216990362577e+000
 -3.9384429198089164e+000
 -3.9471858523342993e+000
 -3.9457745270219191e+000
 -3.9485788141431750e+000
 -3.9443448515159805e+000
 -3.9499533993118181e+000
 -3.9274112877798713e+000
 -3.9414305040281303e+000
 -3.9338244718963042e+000
 -3.9552677169176365e+000
 -3.9399458595308476e+000
 -3.9428968392994053e+000
 -3.8305714203590089e+000
 -3.8330367826693523e+000
 -3.8354848579922809e+000
 -3.8379156232404781e+000
 -3.8403290554898839e+000
 -3.8427251319799876e+000
 -3.8451038301138163e+000
 -3.8474651274583747e+000
 -3.8498090017448465e+000
 -3.8521354308685276e+000
 -3.8544443928894094e+000
 -3.8567358660321576e+000
 -3.8590098286863661e+000
 -3.8612662594066935e+000
 -3.8635051369133300e+000
 -3.8657264400918305e+000
 -3.8679301479935546e+000
 -3.8722846950019476e+000
 -3.8744354930417981e+000
 -3.8765686136715702e+000
 -3.8786840367743496e+000
 -3.8807817423999404e+000
 -3.8701162398357773e+000
 -3.7804769016167192e+000
 -3.7832661146174029e+000
 -3.7860385100074416e+000
 -3.7887940616409463e+000
 -3.7915327435308694e+000
 -3.7942545298492747e+000
 -3.7969593949275890e+000
 -3.8023182594876253e+000
 -3.8049722084310669e+000
 -3.8280887943115185e+000
 -3.8076091350581520e+000
 -3.8255889279400286e+000
 -3.8128318220510256e+000
 -3.8205375686903373e+000
 -3.8179861234504568e+000
 -3.8102290145006119e+000
 -3.8154175331627180e+000
 -3.8230718448202916e+000
 -3.7996473132567532e+000
 -3.7457043048197676e+000
 -3.7486932322891513e+000
 -3.7516656681975324e+000
 -3.7546215845125124e+000
 -3.7604837470115631e+000
 -3.7633899379108877e+000
 -3.7662794986476373e+000
 -3.7720086207871022e+000
 -3.7748481281596851e+000
 -3.7776708973098589e+000
 -3.7575609533573417e+000
 -3.7691524019709672e+000
 -3.6758342262334880e+000
 -3.6791785639392791e+000
 -3.7426989139773461e+000
 -3.7396770881050174e+000
 -3.7366388557010852e+000
 -3.6825070656623695e+000
 -3.6858197000123556e+000
 -3.7335842454184616e+000
 -3.7274260066007656e+000
 -3.7212026039597763e+000
 -3.6956620871661823e+000
 -3.6989109411170156e+000
 -3.7149142722613142e+000
 -3.7117458320498500e+000
 -3.6891164357485167e+000
 -3.7305132860644616e+000
 -3.7021437729932321e+000
 -3.6923972417799868e+000
 -3.7243224361428453e+000
 -3.7085612487205823e+000
 -3.7053605523066779e+000
 -3.7180665394740715e+000
 -3.5373399625448525e+000
 -3.5412613598626086e+000
 -3.6724740840848140e+000
 -3.6690981691820039e+000
 -3.5490605117103824e+000
 -3.5529381926882193e+000
 -3.6657065133625948e+000
 -3.6622991486125911e+000
 -3.6588761070661371e+000
 -3.6519831228594817e+000
 -3.5568012282299781e+000
 -3.6485132452055256e+000
 -3.5606495819042001e+000
 -3.6450278207671079e+000
 -3.5644832174178007e+000
 -3.5721061894855755e+000
 -3.6380104631644525e+000
 -3.6344785961794828e+000
 -3.5683020986166154e+000
 -3.6273686523833080e+000
 -3.5758954541490655e+000
 -3.6415268824145786e+000
 -3.5983177004425126e+000
 -3.6129648672593571e+000
 -3.6237906426245039e+000
 -3.6020021889387603e+000
 -3.5871739342502771e+000
 -3.6093258068809324e+000
 -3.5909035381375336e+000
 -3.6201973192350110e+000
 -3.5834293620567621e+000
 -3.5796698568713361e+000
 -3.5946181385455258e+000
 -3.6309313147678637e+000
 -3.6554374210052787e+000
 -3.6165887161026298e+000
 -3.6056715692866361e+000
 -3.3779338381513937e+000
 -3.5451682218660321e+000
 -3.3823789537796030e+000
 -3.3868110324802738e+000
 -3.5294537100307002e+000
 -3.5334040668946911e+000
 -3.3912300324555180e+000
 -3.5254889292078722e+000
 -3.5175162453855653e+000
 -3.5215097618172893e+000
 -3.5135084175747795e+000
 -3.3956359120305692e+000
 -3.5094863161818708e+000
 -3.4000286296545355e+000
 -3.5054499791384841e+000
 -3.4973347504974899e+000
 -3.4932559354329054e+000
 -3.4850560961475621e+000
 -3.4891630377831939e+000
 -3.4044081439005858e+000
 -3.4087744134664786e+000
 -3.4768002359775201e+000
 -3.4726513953023863e+000
 -3.4684886663592405e+000
 -3.4643120884058454e+000
 -3.4174670539735095e+000
 -3.4261062232624320e+000
 -3.4559175431523834e+000
 -3.4346915954372510e+000
 -3.4432228466313060e+000
 -3.4474680762101131e+000
 -3.4389640063189368e+000
 -3.4304056542784975e+000
 -3.4217933429361387e+000
 -3.4809351492577472e+000
 -3.4131273971748071e+000
 -3.4516996550195507e+000
 -3.5013994445104610e+000
 -3.4601217008306806e+000
 -3.3419086398873241e+000
 -3.3464565315365400e+000
 -3.3509917250351573e+000
 -3.3645206895238271e+000
 -3.3690046639189277e+000
 -3.3734757275166594e+000
 -3.3600238466188248e+000
 -3.3555141776126698e+000
 -3.2531437999142727e+000
 -3.2579246732083464e+000
 -3.2626936832773268e+000
 -3.3373480929777108e+000
 -3.3327749338172583e+000
 -3.2674507851455994e+000
 -3.2721959339499866e+000
 -3.2769290849399866e+000
 -3.3189802147082736e+000
 -3.3143570390129335e+000
 -3.2863592150407803e+000
 -3.2910561052180354e+000
 -3.3235909513764286e+000
 -3.3097214678905891e+000
 -3.2957408197145526e+000
 -3.3050735450583133e+000
 -3.3281892055345006e+000
 -3.2816501934781743e+000
 -3.3004133143497616e+000
 -3.2242119650953276e+000
 -3.2290630670184770e+000
 -3.2339025779042285e+000
 -3.2387304521122431e+000
 -3.2483511084825110e+000
 -3.2435466441118499e+000
 -3.1551052953656615e+000
 -3.1601138191424152e+000
 -3.1651114021277937e+000
 -3.1700979971906142e+000
 -3.1750735573033895e+000
 -3.1800380355426192e+000
 -3.1997841949618162e+000
 -3.2046925636545929e+000
 -3.2095895711431472e+000
 -3.1899335592295412e+000
 -3.1849913850893268e+000
 -3.2144751712448354e+000
 -3.1948645113546150e+000
 -3.2193493178845776e+000
 -3.1500858780318639e+000
 -3.1450556144781308e+000
 -3.1400145521437937e+000
 -3.1349627385700787e+000
 -3.1299002213996077e+000
 -3.1248270483758644e+000
 -3.0159145151307585e+000
 -3.0212002583674398e+000
 -3.1146489262448722e+000
 -3.1095440731253685e+000
 -3.1044287561271893e+000
 -3.0369995047777563e+000
 -3.0422464269263259e+000
 -3.0890205047663568e+000
 -3.0838638156484639e+000
 -3.0683326131419415e+000
 -3.0631353300016761e+000
 -3.0579280206539141e+000
 -3.0993030234918795e+000
 -3.0786969048370492e+000
 -3.0317428029032052e+000
 -3.0527107342077500e+000
 -3.1197432673429213e+000
 -3.0264763708775679e+000
 -3.0941669235591083e+000
 -3.0474835198663026e+000
 -3.0735198210602102e+000
 -3.0106191910162412e+000
 -3.0000000000000084e+000
 -3.0053143359629950e+000
 -2.9946762332456514e+000
 -2.9893430859072816e+000
 -2.9840006082806836e+000
 -2.9786488507496816e+000
 -2.7461750152401954e+000
 -2.7518699385949406e+000
 -2.9571500323102948e+000
 -2.7575577712211183e+000
 -2.9517526340604046e+000
 -2.9625384038778946e+000
 -2.9679176979466568e+000
 -2.7632384594781101e+000
 -2.9409309612055390e+000
 -2.9355067886574266e+000
 -2.9732878637855786e+000
 -2.9463462600299968e+000
 -2.7689119497923760e+000
 -2.9246320270906989e+000
 -2.9300737935400134e+000
 -2.7745781886584995e+000
 -2.9191815406296953e+000
 -2.7802371226393134e+000
 -2.9027782756085165e+000
 -2.8972934239396784e+000
 -2.8862983858471045e+000
 -2.7858886983666524e+000
 -2.8918001100837669e+000
 -2.8807883031152577e+000
 -2.7915328625416422e+000
 -2.9082546133638183e+000
 -2.8752699138527364e+000
 -2.8697432701022687e+000
 -2.8196406495931776e+000
 -2.8252392291279653e+000
 -2.8084203538156589e+000
 -2.8308300260037793e+000
 -2.8027987433892352e+000
 -2.8364129874949575e+000
 -2.8642084239844841e+000
 -2.8475551937908383e+000
 -2.7971695619353389e+000
 -2.8419880609497632e+000
 -2.8586654276973578e+000
 -2.8140343401984427e+000
 -2.8531143335157276e+000
 -2.9137223855593506e+000
 -2.6830782774362594e+000
 -2.6888476397521370e+000
 -2.6946105056896599e+000
 -2.7003668209003875e+000
 -2.7061165310977779e+000
 -2.7118595820575124e+000
 -2.7175959196180286e+000
 -2.7233254896811721e+000
 -2.7290482382125316e+000
 -2.7404730548645859e+000
 -2.7347641112420629e+000
 -2.6773024731517086e+000
 -2.5546194715478778e+000
 -2.6599369534903983e+000
 -2.6657317566182601e+000
 -2.6541359266348472e+000
 -2.5605178855198472e+000
 -2.6483287307598373e+000
 -2.6425154206318431e+000
 -2.6715202813688079e+000
 -2.5664110133646085e+000
 -2.6366960510749813e+000
 -2.5781811884153849e+000
 -2.6308706769705212e+000
 -2.6250393532563208e+000
 -2.5840581246193501e+000
 -2.5722987995052904e+000
 -2.6192021349263652e+000
 -2.6016556630129291e+000
 -2.5957954172640756e+000
 -2.5899295526929773e+000
 -2.6075102346727501e+000
 -2.6133590770303106e+000
 -2.5191210975635214e+000
 -2.5250500584298230e+000
 -2.5309740676585979e+000
 -2.5368930693817466e+000
 -2.5428070077783778e+000
 -2.5487158270753851e+000
 -2.3935685072337423e+000
 -2.5131872409743998e+000
 -2.5072485446235127e+000
 -2.5013050645174477e+000
 -2.4953568567079101e+000
 -2.4116170303097375e+000
 -2.4655468670097780e+000
 -2.4715178710188637e+000
 -2.4595714725253144e+000
 -2.4416195099505735e+000
 -2.4894039772912162e+000
 -2.4356271174977069e+000
 -2.4296306167363815e+000
 -2.4774844282412869e+000
 -2.4535917439181825e+000
 -2.4476077375819645e+000
 -2.4834464824077163e+000
 -2.4176255165336085e+000
 -2.3995884689403719e+000
 -2.3875448338646503e+000
 -2.4236300642183743e+000
 -2.4056046622115215e+000
 -2.3754865794055209e+000
 -2.3815175056410829e+000
 -2.3694521120343817e+000
 -2.3634141604374475e+000
 -2.3452799698796416e+000
 -2.3513280323692065e+000
 -2.3392286511267182e+000
 -2.3271164731358951e+000
 -2.3210557281254096e+000
 -2.3573727815573919e+000
 -2.3331741331791660e+000
 -2.3149919553053295e+000
 -2.3089252118618573e+000
 -2.3028555550091641e+000
 -2.0399198361476842e+000
 -2.2967830419889097e+000
 -2.2846296765465732e+000
 -2.2785489387403368e+000
 -2.0460603357918887e+000
 -2.2724655739971764e+000
 -2.0522004010506376e+000
 -2.2602911932081038e+000
 -2.2663796396880436e+000
 -2.2542002919762369e+000
 -2.2481069934344289e+000
 -2.0583399740183199e+000
 -2.2907077300697498e+000
 -2.2420113550473664e+000
 -2.0644789967938704e+000
 -2.0706174114814733e+000
 -2.2176065530996674e+000
 -2.2359134343016747e+000
 -2.0767551601909666e+000
 -2.2237109757884226e+000
 -2.2053916087050358e+000
 -2.2115000782089154e+000
 -2.1992812021957513e+000
 -2.1931689163070507e+000
 -2.0828921850385900e+000
 -2.1870548086825727e+000
 -2.0890284281473019e+000
 -2.0951638316474845e+000
 -2.1809389369832757e+000
 -2.1196958924589357e+000
 -2.1258262301682649e+000
 -2.1442098922514785e+000
 -2.1380832878614222e+000
 -2.1748213588865499e+000
 -2.1503351366281453e+000
 -2.1012983376774179e+000
 -2.1135644259226281e+000
 -2.1074318883838745e+000
 -2.1687021320860849e+000
 -2.2298132887056505e+000
 -2.1319553812366787e+000
 -2.1564589632254831e+000
 -2.1625813142910539e+000
 -2.0030709593539560e+000
 -2.0153546519622076e+000
 -2.0214963100175618e+000
 -2.0276377653457032e+000
 -2.0337789600278779e+000
 -1.9171078149614060e+000
 -1.9232448398090187e+000
 -1.9293825885185436e+000
 -1.9355210032061239e+000
 -1.9416600259816699e+000
 -1.9969290406460476e+000
 -1.9477995989493493e+000
 -1.9846453480378079e+000
 -1.9907871508997026e+000
 -1.9539396642081313e+000
 -2.0092128491003050e+000
 -1.9600801638523193e+000
 -1.9785036899824457e+000
 -1.9723622346542893e+000
 -1.9662210399721352e+000
 -1.9109715718526901e+000
 -1.7153703234534377e+000
 -1.8925681116161148e+000
 -1.8864355740773955e+000
 -1.8803041075410725e+000
 -1.9048361683525306e+000
 -1.7214510612596623e+000
 -1.8741737698317416e+000
 -1.8680446187633191e+000
 -1.7275344260028123e+000
 -1.8987016623225850e+000
 -1.8619167121385793e+000
 -1.8557901077485128e+000
 -1.7336203603119635e+000
 -1.8496648633718564e+000
 -1.7397088067919027e+000
 -1.7457997080237768e+000
 -1.8435410367744944e+000
 -1.7518930065655629e+000
 -1.7579886449526378e+000
 -1.8251786411134505e+000
 -1.8190610630167552e+000
 -1.8312978679139151e+000
 -1.8007187978042438e+000
 -1.7946083912949717e+000
 -1.7884999217910857e+000
 -1.7823934469003384e+000
 -1.7640865656983045e+000
 -1.8068310836929691e+000
 -1.8129451913174213e+000
 -1.7762890242115874e+000
 -1.7701867112943936e+000
 -1.8374186857089652e+000
 -1.6850080446946678e+000
 -1.6910747881381507e+000
 -1.6971444449908448e+000
 -1.7032169580111125e+000
 -1.7092922699303124e+000
 -1.6789442718745979e+000
 -1.6728835268641080e+000
 -1.6668258668208256e+000
 -1.6607713488732747e+000
 -1.6547200301203620e+000
 -1.6486719676308068e+000
 -1.6365858395625590e+000
 -1.6305478879656297e+000
 -1.6184824943589116e+000
 -1.6124551661353450e+000
 -1.6004115310596128e+000
 -1.5943953377884730e+000
 -1.6245134205944811e+000
 -1.6426272184426172e+000
 -1.5883829696902756e+000
 -1.6064314927662520e+000
 -1.5823744834664017e+000
 -1.5703693832636263e+000
 -1.5643728825022958e+000
 -1.5583804900494376e+000
 -1.5523922624180322e+000
 -1.5464082560818162e+000
 -1.5404285274746974e+000
 -1.5344531329902396e+000
 -1.5284821289811439e+000
 -1.5225155717587233e+000
 -1.5763699357816530e+000
 -1.5046431432921097e+000
 -1.4986949354825663e+000
 -1.4868127590256013e+000
 -1.5105960227088184e+000
 -1.4927514553764858e+000
 -1.4808789024365070e+000
 -1.5165535175923388e+000
 -1.4749499415701712e+000
 -1.4690259323413926e+000
 -1.4631069306182602e+000
 -1.1580119390502506e+000
 -1.1635870125050447e+000
 -1.4571929922216389e+000
 -1.1691699739962209e+000
 -1.4218188115846206e+000
 -1.4277012004947260e+000
 -1.4159418753806647e+000
 -1.1747607708720333e+000
 -1.4100704473070311e+000
 -1.4453805284521457e+000
 -1.4335889866353924e+000
 -1.4394821144801542e+000
 -1.1803593504068239e+000
 -1.4042045827359149e+000
 -1.3983443369870654e+000
 -1.1859656598015733e+000
 -1.1915796461843253e+000
 -1.3633039489250032e+000
 -1.3749606467436930e+000
 -1.3924897653272430e+000
 -1.3807978650736263e+000
 -1.3574845793681480e+000
 -1.3516712692401571e+000
 -1.1972012566107759e+000
 -1.3691293230294865e+000
 -1.3458640733651641e+000
 -1.2084671374583660e+000
 -1.2141113016333513e+000
 -1.2197628773606799e+000
 -1.3111523602478548e+000
 -1.2996331790996054e+000
 -1.2938834689022156e+000
 -1.3053894943103628e+000
 -1.3400630465095924e+000
 -1.3342682433817457e+000
 -1.2310880502076207e+000
 -1.2254218113415039e+000
 -1.2881404179424991e+000
 -1.2367615405218988e+000
 -1.3169217225637382e+000
 -1.2424422287788459e+000
 -1.2824040803819829e+000
 -1.2481300614050745e+000
 -1.2766745103188457e+000
 -1.3226975268483208e+000
 -1.2538249847598220e+000
 -1.2709517617874946e+000
 -1.4512841729246784e+000
 -1.2595269451354518e+000
 -1.3284797186312192e+000
 -1.3866409229697081e+000
 -1.2652358887579453e+000
 -1.0972217243914946e+000
 -1.1027065760603227e+000
 -1.1137016141528993e+000
 -1.1081998899162302e+000
 -1.1192116968847299e+000
 -1.1247300861472778e+000
 -1.1302567298977397e+000
 -1.1357915760155335e+000
 -1.1524448062091595e+000
 -1.1413345723026420e+000
 -1.1468856664842675e+000
 -1.2028304380646662e+000
 -9.5251648013369783e-001
 -9.5775357307368103e-001
 -1.0917453866361995e+000
 -1.0699262064599864e+000
 -1.0590690387944841e+000
 -1.0644932113425711e+000
 -1.0753679729092855e+000
 -1.0536537399699826e+000
 -9.6300049522225439e-001
 -9.6825719709679081e-001
 -1.0482473659396045e+000
 -1.0428499676897365e+000
 -1.0374615961221192e+000
 -9.8408548486925196e-001
 -1.0159993917193011e+000
 -1.0106569140927051e+000
 -9.9999999999999289e-001
 -1.0053237667543411e+000
 -9.8938080898377079e-001
 -9.7879974163255579e-001
 -1.0808184593703263e+000
 -1.0213511492503156e+000
 -1.0320823020533556e+000
 -9.9468566403700187e-001
 -1.0862776144406936e+000
 -1.0267121362144522e+000
 -9.3686466999834150e-001
 -9.4207197934608677e-001
 -9.3166738685808281e-001
 -9.4728926579225048e-001
 -9.7352362912243140e-001
 -8.2990200280938886e-001
 -8.3488859787222913e-001
 -8.3988618085760414e-001
 -8.4489470463436234e-001
 -8.4991412196814697e-001
 -8.7517295162414066e-001
 -8.5494438552188012e-001
 -8.7009977860041010e-001
 -8.8025673265706994e-001
 -8.8535107375512612e-001
 -9.0069697650812108e-001
 -8.9045592687463893e-001
 -9.0583307644090483e-001
 -9.2648017893978574e-001
 -8.9557124387280018e-001
 -8.6503726142992032e-001
 -9.1097949523364885e-001
 -9.2130309516295350e-001
 -8.2492644269661941e-001
 -6.6265190702229837e-001
 -6.6722506618274879e-001
 -6.7181079446552605e-001
 -6.7640904862357321e-001
 -8.1996196445740144e-001
 -6.8101978529172424e-001
 -6.8564296098708277e-001
 -7.9530743634542345e-001
 -7.9041042885686386e-001
 -6.9027853210943302e-001
 -7.8552482875516660e-001
 -8.0021580503819512e-001
 -7.8065068211541999e-001
 -6.9492645494168381e-001
 -7.7578803490467507e-001
 -7.2780406604999648e-001
 -7.4207532679162458e-001
 -7.3254921485438373e-001
 -7.3730631672266911e-001
 -7.4685620008571973e-001
 -7.7093693298155408e-001
 -6.9958668565023263e-001
 -7.2307091506003629e-001
 -8.1500861491068122e-001
 -8.0513548864537721e-001
 -7.1834980652184399e-001
 -7.1364078495921246e-001
 -7.0894389478193864e-001
 -7.5164889151752190e-001
 -7.6609742209576404e-001
 -8.5998544785620379e-001
 -7.6126954788774603e-001
 -9.1613618435154720e-001
 -8.1006644077046719e-001
 -7.0425918028543222e-001
 -6.4900827496484848e-001
 -6.5354346846345368e-001
 -4.9051368381812266e-001
 -4.9455002086152039e-001
 -6.4448582238732000e-001
 -6.3547931047617756e-001
 -6.3997615338118130e-001
 -6.3099533608109326e-001
 -6.2652427248335585e-001
 -4.9860055548957177e-001
 -5.0266524950251745e-001
 -6.2206616184863051e-001
 -5.9122558653352419e-001
 -5.9559185609940990e-001
 -5.8687260282519305e-001
 -5.8253294602649697e-001
 -5.0674406456707755e-001
 -5.7820665706384655e-001
 -5.9997137034548087e-001
 -5.7389377673756448e-001
 -7.5645335588816920e-001
 -5.1083696221680674e-001
 -5.4830034498044922e-001
 -5.3568791159415474e-001
 -5.4408245684759826e-001
 -6.0436408796944252e-001
 -5.6959434572151479e-001
 -5.3987829916932351e-001
 -5.3151133364077319e-001
 -5.5253192378986038e-001
 -6.1318896751971397e-001
 -5.2734860469760858e-001
 -5.1494390385244093e-001
 -5.5677715336868805e-001
 -6.1762104622043645e-001
 -5.2319976402249280e-001
 -5.6530840456273634e-001
 -5.1906485074226272e-001
 -5.6103599368105916e-001
 -6.5809136011267921e-001
 -6.0876996754450519e-001
 -4.4319877177001854e-001
 -4.5093948828963487e-001
 -4.5483177813396219e-001
 -4.5873864013739485e-001
 -4.6266003745513873e-001
 -4.4706180731178813e-001
 -4.6659593310530295e-001
 -4.7054628996928805e-001
 -4.8248375461442139e-001
 -4.8649158242522800e-001
 -4.7849023818270831e-001
 -4.3935041809581971e-001
 -4.3551678258219451e-001
 -4.2033014312866962e-001
 -4.2410454585093738e-001
 -4.1657063794323035e-001
 -4.2789381051441705e-001
 -4.3169790138337788e-001
 -4.1282606574972441e-001
 -4.0909646186243692e-001
 -4.0538186145448368e-001
 -4.0168229955748846e-001
 -3.1088356425149272e-001
 -3.9799781106123033e-001
 -3.3090183081801411e-001
 -3.3429348663742831e-001
 -3.2752591591518437e-001
 -3.8341128389738521e-001
 -3.8703513274066442e-001
 -4.7451107079209537e-001
 -3.3770085138742345e-001
 -3.7980268076499352e-001
 -3.7620935737546629e-001
 -3.4112389293385398e-001
 -3.6552140382053427e-001
 -3.4456257899473669e-001
 -3.2416577376649125e-001
 -3.6906868523214376e-001
 -3.6198953683553170e-001
 -3.9067419311906393e-001
 -3.4801687714053364e-001
 -3.9432843071337287e-001
 -3.7263134761669647e-001
 -3.5847311758545097e-001
 -3.5148675479448560e-001
 -3.1418029998764013e-001
 -3.0433791283383194e-001
 -2.9785622700675907e-001
 -2.9463944769330219e-001
 -3.0760275822002575e-001
 -3.2082143606072605e-001
 -3.0108905888298981e-001
 -2.9143875127940599e-001
 -3.1749293433764220e-001
 -3.5497217923289504e-001
 -2.8825416795015768e-001
 -2.7879739604023346e-001
 -2.8193346052593488e-001
 -2.7257399339922606e-001
 -2.6336114429892321e-001
 -2.6032291189497980e-001
 -2.6641575458157052e-001
 -2.7567756385716841e-001
 -2.5730108602267832e-001
 -2.4537841548752781e-001
 -2.4243904664266300e-001
 -2.5429569518022810e-001
 -2.6948671393552842e-001
 -2.4833433180246534e-001
 -2.3951625298843809e-001
 -2.3661006208911442e-001
 -1.4555560711059914e-001
 -1.4786456913148829e-001
 -2.3372050135237105e-001
 -1.5019099825518498e-001
 -1.5253487254162132e-001
 -2.3084759802905033e-001
 -2.8508572773870167e-001
 -1.5489616988620772e-001
 -2.2799137921290405e-001
 -2.1120593835908505e-001
 -2.0846725646915881e-001
 -2.1396148999257919e-001
 -1.5727486802004287e-001
 -2.0574547015074168e-001
 -2.2515187184033850e-001
 -1.5967094451011865e-001
 -2.0304060507243166e-001
 -2.1673388538261218e-001
 -1.6208437675953755e-001
 -2.0035268674324599e-001
 -1.6696321733064631e-001
 -1.6942857964100408e-001
 -1.9768174051238088e-001
 -1.7191120568848661e-001
 -1.7441107205996573e-001
 -1.8716817794898852e-001
 -2.1952309838329548e-001
 -1.8458246683729185e-001
 -1.8977098549935775e-001
 -2.2232910269015466e-001
 -1.9502779156897604e-001
 -1.7692815517971833e-001
 -1.7946243130966330e-001
 -1.8201387654957002e-001
 -2.5130676771083932e-001
 -1.2771530499806963e-001
 -1.3427355990816950e-001
 -1.3206985200645471e-001
 -1.3649486308666431e-001
 -1.2988376016422917e-001
 -1.2556450695822113e-001
 -1.4326413396785659e-001
 -1.3873374059329058e-001
 -1.4099017131366201e-001
 -1.9239086494186741e-001
 -1.6451514200772865e-001
 -1.2343138632841441e-001
 -1.2131596322566332e-001
 -1.1921825760008435e-001
 -1.0503204825581167e-001
 -1.1303164258003952e-001
 -1.1507607774525444e-001
 -1.0113940235555303e-001
 -1.0307678056213453e-001
 -1.1100500301969411e-001
 -1.0700518699686508e-001
 -9.9219931907077036e-002
 -1.0899617817703285e-001
 -9.7318387318832147e-002
 -5.3656288921857791e-016
 -9.3569147286095403e-002
 -9.1721487199902738e-002
 -8.8080174012189330e-002
 -8.6286555251133504e-002
 -8.9891823690209427e-002
 -8.4510984322285654e-002
 -7.2588712220117396e-002
 -7.0958112440330637e-002
 -6.9345705052098597e-002
 -6.7751505261698430e-002
 -8.2753477970683817e-002
 -3.9712997548582638e-002
 -3.7314230227234506e-002
 -6.6175528103694786e-002
 -4.0940117495010198e-002
 -4.2185712926438759e-002
 -8.1014052771006248e-002
 -3.8504364659870075e-002
 -6.4617788440800988e-002
 -7.4237489013612573e-002
 -7.9292725127406968e-002
 -7.5904427271544894e-002
 -6.3078300963735109e-002
 -6.1557080191077855e-002
 -5.2814147665703241e-002
 -5.0046600688206808e-002
 -4.7352611951914703e-002
 -4.8690405123232319e-002
 -5.1421185856839212e-002
 -5.4225472978069525e-002
 -5.8569495971861341e-002
 -3.6142605474586906e-002
 -4.3449772095918555e-002
 -4.6033233790700026e-002
 -5.7103160700584507e-002
 -5.5655148484018535e-002
 -2.9502166769701913e-002
 -2.8460409370392750e-002
 -2.7437245149608724e-002
 -2.6432683756598137e-002
 -3.4989501451274413e-002
 -2.5446734665168225e-002
 -2.4479407173601038e-002
 -3.0562507522938803e-002
 -3.1641421630251451e-002
 -2.3530710404560496e-002
 -1.5832240198358188e-002
 -2.2600653305006085e-002
 -1.7412222637317842e-002
 -1.5070313706088353e-002
 -1.1541610641726966e-002
 -1.0261353216210215e-002
 -1.0892102498187770e-002
 -9.6493687442581084e-003
 -1.8230263683521909e-002
 -1.6612878962782063e-002
 -9.0561548538311259e-003
 -1.2209871521451306e-002
 -1.4327106671540552e-002
 -8.4817171394037955e-003
 -1.3602626103746976e-002
 -4.1575410275450086e-003
 -4.5627706398587067e-003
 -1.9066994386621287e-002
 -3.7711337890364524e-003
 -5.4296815218860634e-003
 -4.9868188043430224e-003
 -9.4307913542874154e-006
 -3.4035525684588961e-003
 -3.7723076474678299e-005
 -8.4876588544988249e-005
 -1.3578813409058307e-003
 -9.4300576222616154e-004
 -1.5935933180587472e-003
 -1.1410181405640963e-003
 -7.9260610183796067e-003
 -3.0548008323946409e-003
 -1.5089088286910092e-004
 -7.6384607330493395e-004
 -1.9922406855581533e-002
 -7.3891917310349720e-003
 -5.8913546159426750e-003
 -4.6209134437092542e-004
 -1.8481518490733469e-003
 -6.0354076341793234e-004
 -6.3718337325710675e-003
 -2.7248818698475310e-003
 -3.3949915014486225e-004
 -2.1215545332605810e-003
 -1.1713828923469864e-001
 -9.5434786523891119e-002
 -7.7589511273368356e-002
 -3.2738898916626014e-002
 -3.3854929031982124e-002
 -4.4732283082370018e-002
 -2.0796493023186938e-002
 -6.8711143404718966e-003
 -2.3576533688019380e-004
 -6.0054140469150412e-002
 -2.1689244646112837e-002
 -2.4137987922168546e-003
 -1.2896878835131319e-002
