 -3.9999999999999822e+000
 -3.9993881145061447e+000
 -3.9975528324285103e+000
 -3.9944952767495554e+000
 -3.9902173183432232e+000
 -3.9847215748302101e+000
 -3.9700909266345246e+000
 -3.9609649742332498e+000
 -3.9506391358103263e+000
 -3.9391197295964893e+000
 -3.9780114089762662e+000
 -3.9264138041493144e+000
 -3.9125291340402546e+000
 -3.8974742150975370e+000
 -3.8812582592076850e+000
 -3.8638911886788563e+000
 -3.8453836301696076e+000
 -3.8257469081865034e+000
 -3.8049930381548558e+000
 -3.7601853257103799e+000
 -3.7361589004868079e+000
 -3.7110701448170271e+000
 -3.6849344101467061e+000
 -3.6577676885527683e+000
 -3.6295866029580419e+000
 -3.6004083969600309e+000
 -3.5702509242797031e+000
 -3.5391326378371328e+000
 -3.5070725784603929e+000
 -3.4740903632347311e+000
 -3.4402061734992113e+000
 -3.3698153426939830e+000
 -3.3333517727525659e+000
 -3.2960723442032154e+000
 -3.2579998677874880e+000
 -3.2191576395014243e+000
 -3.1795694263410414e+000
 -3.1392594517597128e+000
 -3.0982523808461355e+000
 -3.0565733052321753e+000
 -3.0142477277395496e+000
 -2.7938417079657798e+000
 -2.9713015467751704e+000
 -2.7020879015761579e+000
 -2.7481937092095801e+000
 -2.6555524965403570e+000
 -2.8390039664964544e+000
 -2.6086159684414709e+000
 -2.5613070370601925e+000
 -2.8836528506707784e+000
 -2.4656879652012873e+000
 -2.5136546500453392e+000
 -2.4174363326466750e+000
 -2.3689292768555208e+000
 -2.2221730500976169e+000
 -2.1729423989814958e+000
 -2.1236059269201744e+000
 -2.2712677567472506e+000
 -2.0741938221852152e+000
 -2.0247363193267280e+000
 -1.9752636806732717e+000
 -1.9258061778147924e+000
 -2.9277610404841825e+000
 -1.8763940730798403e+000
 -1.8270576010185053e+000
 -1.7778269499023969e+000
 -1.5825636673533383e+000
 -1.6310707231444832e+000
 -1.5343120347987247e+000
 -1.4863453499546726e+000
 -1.4386929629398169e+000
 -1.3913840315585249e+000
 -1.3444475034596488e+000
 -1.2979120984238424e+000
 -1.2518062907904186e+000
 -1.2061582920342255e+000
 -8.6074054824028856e-001
 -9.0174761915385704e-001
 -9.4342669476783170e-001
 -8.2043057365896199e-001
 -7.8084236049858713e-001
 -9.8575227226045714e-001
 -7.4200013221251748e-001
 -7.0392765579679095e-001
 -6.6664822724744233e-001
 -4.6086736216285873e-001
 -4.2974907572029203e-001
 -3.9959160303996621e-001
 -3.7041339704195186e-001
 -3.4223231144723476e-001
 -4.9292742153960767e-001
 -3.1506558985328714e-001
 -2.8892985518296960e-001
 -1.0252578490245808e-001
 -1.1874174079231253e-001
 -8.7470865959745667e-002
 -1.3610881132113037e-001
 -1.5461636983038574e-001
 -1.1609960335035459e+000
 -7.3586195850685682e-002
 -2.6384109951319623e-001
 -1.0245710529988017e-016
 -6.1188549383361956e-004
 -6.0880270403507034e-002
 -5.2590963676527269e-001
 -1.7425309181350210e-001
 -2.4471675714768698e-003
 -1.9500696184514851e-001
 -5.5047232504503631e-003
 -4.9360864189675217e-002
 -6.3018465730602147e-001
 -1.0286984532248320e+000
 -9.7826816567861685e-003
 -2.3981467428962394e-001
 -3.9035025766749200e-002
 -1.7287322432527477e+000
 -1.5278425169794722e-002
 -5.5979382650080067e-001
 -2.9909073365473625e-002
 -1.1163471493292267e+000
 -3.4054407424980000e+000
 -1.0722389595158197e+000
 -2.3201964785916083e+000
 -2.1988591023738617e-002
 -5.9455925750201843e-001
 -1.6798035214084097e+000
 -2.1686528093331203e-001
 -3.7831347190667008e+000
