  -4.0000000000000080e+00
  -3.9994584823589281e+00
  -3.9978342226770391e+00
  -3.9951281005196475e+00
  -3.8629594778522751e+00
  -3.8793852415718177e+00
  -3.8947932850286469e+00
  -3.9091752644954485e+00
  -3.9913415812995949e+00
  -3.9225233918766493e+00
  -3.8455248887108819e+00
  -3.9348304389257356e+00
  -3.8270909152851931e+00
  -3.9864767154838936e+00
  -3.9460897411596410e+00
  -3.6960961923128401e+00
  -3.7202982957907298e+00
  -3.6709756228258623e+00
  -3.6449501905613357e+00
  -3.7435688273935135e+00
  -3.8076675398970692e+00
  -3.6180339887498913e+00
  -3.9805361374831412e+00
  -3.9562952014675954e+00
  -3.5902415929897096e+00
  -3.7658951857178224e+00
  -3.9654412934128285e+00
  -3.5615880533533266e+00
  -3.5320888862379562e+00
  -3.5017600659630013e+00
  -3.4706180161196625e+00
  -3.2676619347974314e+00
  -3.3382612127177151e+00
  -3.3033144576429208e+00
  -3.2313229506513337e+00
  -3.1943171834055804e+00
  -3.4386796006773168e+00
  -3.3724832757374736e+00
  -3.1566646723359866e+00
  -3.1183858069414949e+00
  -3.0795013159030287e+00
  -3.0400322558584163e+00
  -2.9999999999999964e+00
  -2.9594262265004967e+00
  -2.8346769089636354e+00
  -2.7921595320783137e+00
  -2.7492131868318253e+00
  -2.7058611294277406e+00
  -2.6621268357699241e+00
  -2.8767422935781641e+00
  -2.6180339887499033e+00
  -2.5736064654221806e+00
  -2.5288683240744074e+00
  -2.4838437911993347e+00
  -3.9735230642251795e+00
  -2.4385572483758091e+00
  -2.3930332190656496e+00
  -2.3472963553338673e+00
  -2.2090569265352942e+00
  -2.1627173493357201e+00
  -2.2552832957211901e+00
  -2.1162896578209582e+00
  -2.0697989934050072e+00
  -2.0232705316027952e+00
  -1.9767294683972059e+00
  -1.9302010065949924e+00
  -1.8837103421790515e+00
  -1.8372826506642839e+00
  -1.7909430734646965e+00
  -1.7447167042788081e+00
  -1.5161562088006664e+00
  -1.5614427516241911e+00
  -1.4711316759255901e+00
  -1.4263935345778147e+00
  -1.3819660112501044e+00
  -1.6069667809343477e+00
  -1.3378731642300823e+00
  -1.2941388705722612e+00
  -1.2507868131681761e+00
  -1.2078404679216848e+00
  -1.1653230910363666e+00
  -1.0000000000000004e+00
  -9.5996774414156638e-01
  -1.0405737734995100e+00
  -9.2049868409696967e-01
  -8.8161419305850608e-01
  -8.4333532766402686e-01
  -8.0568281659442775e-01
  -7.6867704934868275e-01
  -7.3233806520257660e-01
  -6.9668554235708902e-01
  -6.6173878728228430e-01
  -4.3841194664668093e-01
  -4.9823993403700034e-01
  -4.6791111376204253e-01
  -4.0975840701030264e-01
  -3.8196601125010460e-01
  -3.5504980943867492e-01
  -3.2902437717412708e-01
   6.8423355514843772e-16
  -5.4151764107613666e-04
  -2.1657773229496473e-03
  -1.0520671497134108e-01
  -9.0824735504536042e-02
  -7.7476608123362239e-02
  -6.5169561074272409e-02
  -1.3704052214771487e-01
  -1.2061475842818370e-01
  -4.8718994803508006e-03
  -8.6584187003897577e-03
  -6.2751672426253613e-01
  -5.2938198388034674e-01
  -5.3910258840352596e-02
  -3.0390380768714786e-01
  -1.5447511128911359e-01
  -1.7290908471479791e-01
  -1.3523284516114023e-02
  -4.3704798532389039e-02
  -2.7970170420927021e-01
  -3.4558706587173034e-02
  -1.9233246010295771e-01
  -2.5643117260647569e-01
  -1.6527036446661467e+00
  -1.1232577064218476e+00
  -5.6132039932269717e-01
  -1.9463862516857812e-02
  -2.3410481428214455e-01
  -3.7872652806468268e+00
  -3.4059621148513246e+00
  -2.9183329067740407e+00
  -2.3013714244989556e+00
  -1.6986285755010324e+00
  -1.0816670932259784e+00
  -5.9403788514867639e-01
  -2.1273471935317570e-01
  -2.6476935774841649e-02
