  -3.9999999999999929e+00
  -3.9994249093063052e+00
  -3.9976999679545582e+00
  -3.9948261679424593e+00
  -3.9908051619656448e+00
  -3.9856392624672528e+00
  -3.9427632806514952e+00
  -3.9535959842151702e+00
  -3.9633051929091012e+00
  -3.9177529505917166e+00
  -3.9035897073036780e+00
  -3.9308133120051072e+00
  -3.9793314403080209e+00
  -3.8883317272903524e+00
  -3.8719877852740843e+00
  -3.8545672805037952e+00
  -3.9718853230577031e+00
  -3.8360802313496838e+00
  -3.8165372695416506e+00
  -3.6777763795032965e+00
  -3.7033980168332885e+00
  -3.6511898685913735e+00
  -3.7280400458161527e+00
  -3.6236537737525132e+00
  -3.5951839307385951e+00
  -3.5657967122914007e+00
  -3.7959496340551708e+00
  -3.7516882950503501e+00
  -3.5355090187267493e+00
  -3.5043382682153581e+00
  -3.4723023867657670e+00
  -3.2629845351745996e+00
  -3.2998076516338402e+00
  -3.2254350880629148e+00
  -3.3358832608090321e+00
  -3.1871809046363628e+00
  -3.4394197979152565e+00
  -3.3711906159530782e+00
  -3.1482439845198567e+00
  -3.1086467199737657e+00
  -3.0684118830164113e+00
  -3.0275626123281079e+00
  -2.9861223999442994e+00
  -2.9441150777454403e+00
  -2.8149335796192001e+00
  -2.7709024502914477e+00
  -2.7264279821387833e+00
  -2.6815357520139775e+00
  -2.6362515770207620e+00
  -2.8584960482293420e+00
  -2.5906014996667612e+00
  -2.5446117728866309e+00
  -2.4983088449442286e+00
  -2.4517193442225169e+00
  -3.7743291646478072e+00
  -2.4048700639097973e+00
  -2.3577879465911655e+00
  -2.1198362947221825e+00
  -2.1676743180761515e+00
  -2.2154159134902232e+00
  -2.0719293546303592e+00
  -2.2630336252171661e+00
  -2.0239810486360721e+00
  -1.9760189513639106e+00
  -1.9280706453696312e+00
  -1.8801637052778062e+00
  -1.8323256819238463e+00
  -1.7845840865097751e+00
  -1.7369663747828294e+00
  -1.5951299360902096e+00
  -1.6422120534088387e+00
  -1.5016911550557706e+00
  -1.5482806557774773e+00
  -1.4553882271133793e+00
  -1.4093985003332405e+00
  -1.3637484229792320e+00
  -1.3184642479860300e+00
  -1.2735720178612031e+00
  -1.2290975497085506e+00
  -1.1850664203808019e+00
  -1.1415039517706544e+00
  -8.5175601548014901e-01
  -8.9135328002625158e-01
  -9.3158811698359922e-01
  -9.7243738767188637e-01
  -1.0138776000557068e+00
  -8.1281909536362451e-01
  -7.7456491193708321e-01
  -7.3701546482539892e-01
  -7.0019234836616373e-01
  -6.6411673919096659e-01
  -4.3420328770861161e-01
  -4.0481606926140923e-01
  -3.7634622624749292e-01
  -3.4881013140862821e-01
  -3.2222362049670128e-01
  -4.6449098127325517e-01
  -4.9566173178464284e-01
   8.6936243548232252e-16
  -2.9660198316671127e-01
  -2.7195995418384872e-01
  -1.4543271949620279e-01
  -1.2801221472592028e-01
  -1.1166827270964182e-01
  -9.6410292696320204e-02
  -1.6391976865032210e-01
  -6.2880938404691289e-01
  -5.2769761323424325e-01
  -8.2247049408265535e-02
  -5.7509069368542659e-04
  -6.9186687994886087e-02
  -2.3000320454388771e-03
  -5.1738320575402605e-03
  -9.1948380343472563e-03
  -1.0558849222545763e+00
  -1.8346273045834813e-01
  -5.7236719348487779e-02
  -4.6404015784827342e-02
  -1.4360737532742772e-02
  -2.4831170494964894e-01
  -3.6694807090911032e-02
  -5.6058020208475778e-01
  -3.4057094121346654e+00
  -2.0405036594482620e-01
  -2.0668559692002628e-02
  -2.8114676942301249e-02
  -2.9015648037516004e+00
  -2.2567083535217769e-01
  -5.9429058786536060e-01
  -1.0984351962484169e+00
  -2.3105000687541324e+00
  -1.6894999312458716e+00
