 -4.0000000000000053e+000
 -3.9998482202296639e+000
 -3.9993929039557492e+000
 -3.9986341202860438e+000
 -3.9975719843885842e+000
 -3.9962066574740875e+000
 -3.9945383467715763e+000
 -3.9925673054968680e+000
 -3.9902938328141322e+000
 -3.9877182737905525e+000
 -3.9848410193438739e+000
 -3.9816625061831239e+000
 -3.9781832167422948e+000
 -3.9744036791071409e+000
 -3.9703244669350131e+000
 -3.9659461993678011e+000
 -3.9612695409379626e+000
 -3.9562952014676189e+000
 -3.9510239359608765e+000
 -3.9454565444892107e+000
 -3.9395938720700268e+000
 -3.9334368085383744e+000
 -3.9269862884119653e+000
 -3.9202432907492564e+000
 -3.9132088390008866e+000
 -3.9058840008543170e+000
 -3.8982698880717939e+000
 -3.8903676563216258e+000
 -3.8821785050027362e+000
 -3.8737036770626263e+000
 -3.8649444588087065e+000
 -3.8559021797131425e+000
 -3.8465782122109751e+000
 -3.8369739714918412e+000
 -3.8270909152851948e+000
 -3.8169305436390415e+000
 -3.8064943986922537e+000
 -3.7957840644405243e+000
 -3.7848011664959014e+000
 -3.7735473718401340e+000
 -3.7620243885715894e+000
 -3.7502339656459918e+000
 -3.7381778926110543e+000
 -3.7258579993347718e+000
 -3.7132761557277179e+000
 -3.7004342714592200e+000
 -3.6873342956675343e+000
 -3.6739782166639499e+000
 -3.6603680616310932e+000
 -3.6465058963151749e+000
 -3.6323938247124472e+000
 -3.6180339887499038e+000
 -3.6034285679601186e+000
 -3.5885797791505722e+000
 -3.5734898760669789e+000
 -3.5581611490513367e+000
 -3.5425959246943610e+000
 -3.5267965654822060e+000
 -3.5107654694379740e+000
 -3.4945050697577829e+000
 -3.4613062659173917e+000
 -3.4443729006640114e+000
 -3.4780178344413342e+000
 -3.4272203088234998e+000
 -3.4098510938122977e+000
 -3.3922678919258611e+000
 -3.3744733719385311e+000
 -3.2248404060984988e+000
 -3.2442256334429618e+000
 -3.2634220125065116e+000
 -3.2824266296671669e+000
 -3.3564702346984867e+000
 -3.3012366004084872e+000
 -3.3198490697574554e+000
 -3.3382612127177089e+000
 -3.2052692727585219e+000
 -2.9570231382025671e+000
 -3.1655811978663282e+000
 -3.1454702801610246e+000
 -3.1251855032396589e+000
 -3.1047299459210129e+000
 -2.9785858338678519e+000
 -3.0841067129449020e+000
 -3.0000000000000089e+000
 -3.0633189345008773e+000
 -3.0212623863618338e+000
 -3.0423697657531799e+000
 -3.1855152039251107e+000
 -2.9353151857851651e+000
 -2.9134652714436835e+000
 -2.8914767115530804e+000
 -2.8693528435319329e+000
 -2.8470970253358514e+000
 -2.8247126349478182e+000
 -2.8022030698654405e+000
 -2.7568221000846354e+000
 -2.7339575832993526e+000
 -2.7109816666006492e+000
 -2.6878978372678684e+000
 -2.5709831725506769e+000
 -2.5945537012624018e+000
 -2.6180339887498989e+000
 -2.6647095989593188e+000
 -2.6414204711805218e+000
 -2.5473259801441728e+000
 -2.5235857147260945e+000
 -2.3067833097573840e+000
 -2.3311077523682631e+000
 -2.3553819395205329e+000
 -2.3796021868836479e+000
 -2.4037648183140106e+000
 -2.4997659795884708e+000
 -2.4278661664129997e+000
 -2.4519025730834967e+000
 -2.7795717465853822e+000
 -2.4758703900852255e+000
 -2.1845367189266103e+000
 -2.2090569265353008e+000
 -2.2335454035317182e+000
 -2.2579984330604006e+000
 -2.1599885023770837e+000
 -1.9630421900817354e+000
 -1.9876801067237218e+000
 -2.0123198932762718e+000
 -2.0369578099182641e+000
 -2.1354160028094200e+000
 -2.2824123036461685e+000
 -1.7420015669395919e+000
 -1.7664545964682898e+000
 -1.7909430734646974e+000
 -1.8154632810733957e+000
 -1.8400114976229227e+000
 -1.8645839971905931e+000
 -1.9384098828876559e+000
 -2.1108229498319560e+000
 -2.0862130761726005e+000
 -2.0615901171123432e+000
 -1.8891770501680636e+000
 -1.9137869238274066e+000
 -1.6932166902426182e+000
 -1.6688922476317349e+000
 -1.6446180604794576e+000
 -1.6203978131163461e+000
 -1.5962351816859726e+000
 -1.5721338335870150e+000
 -1.4290168274493240e+000
 -1.4526740198558392e+000
 -1.5480974269165075e+000
 -1.4764142852739246e+000
 -1.5002340204115443e+000
 -1.7175876963538244e+000
 -1.4054462987375960e+000
 -1.3819660112501120e+000
 -1.3585795288194829e+000
 -1.5241296099147779e+000
 -1.3352904010406739e+000
 -1.2890183333993701e+000
 -1.3121021627321545e+000
 -1.2660424167006561e+000
 -1.2431778999153800e+000
 -1.1977969301345630e+000
 -1.2204282534146544e+000
 -1.1752873650521887e+000
 -1.0214141661321607e+000
 -1.0429768617974264e+000
 -1.0646848142148257e+000
 -1.0865347285563192e+000
 -1.1306471564680713e+000
 -1.1529029746641570e+000
 -1.1085232884469263e+000
 -9.9999999999999867e-001
 -9.7873761363819067e-001
 -9.5763023424683025e-001
 -9.3668106549912233e-001
 -8.9527005407898830e-001
 -9.1589328705510165e-001
 -8.7481449676035428e-001
 -8.5452971983899184e-001
 -8.3441880213368347e-001
 -6.9876339959152023e-001
 -7.1757337033284629e-001
 -7.3657798749349834e-001
 -7.5577436655705110e-001
 -7.7515959390149836e-001
 -7.9473072724149041e-001
 -8.1448479607488944e-001
 -6.8015093024255879e-001
 -6.4352976530153105e-001
 -6.2552662806147374e-001
 -6.0773210807414679e-001
 -5.9014890618770510e-001
 -5.7277969117649696e-001
 -5.5562709933598353e-001
 -5.3869373408261179e-001
 -5.0549493024221792e-001
 -4.5740407530563792e-001
 -4.4183885094865849e-001
 -4.8923453056201627e-001
 -4.2651012393303150e-001
 -3.3963193836889732e-001
 -3.5349410368482737e-001
 -3.2602178333604431e-001
 -3.1266570433246782e-001
 -2.6182210738894279e-001
 -2.4976603435401334e-001
 -2.3797561142843301e-001
  1.1968484744399934e-015
 -1.5177977033776623e-004
 -6.0709604425596532e-004
 -1.3658797139534497e-003
 -3.7933425259115846e-003
 -5.4616532284238123e-003
 -7.4326945031405970e-003
 -9.7061671858709019e-003
 -1.2281726209452953e-002
 -1.5158980656128657e-002
 -4.1142022084942909e-001
 -3.6760617528755679e-001
 -3.8196601125010443e-001
 -2.2645262815987607e-001
 -2.9956572854077196e-001
 -2.1519883350410493e-001
 -8.6791160999119460e-002
 -7.9756709250745669e-002
 -9.4115999145686399e-002
 -7.3013711588034089e-002
 -1.8337493816878766e-002
 -3.8730459062045197e-002
 -4.3704798532388851e-002
 -3.4053800632196707e-002
 -2.5596320892862578e-002
 -2.9675533064987339e-002
 -4.7320343451779001e-001
 -2.7414200066522160e-001
 -1.0173011192819754e-001
 -2.0421593555948520e-001
 -4.8976064039126792e-002
 -1.7290908471479818e-001
 -1.8306945636095240e-001
 -1.6302602850815315e-001
 -6.6563191461625579e-002
 -1.5342178778902274e-001
 -1.0963234367836142e-001
 -1.2629632293737852e-001
 -1.3505554119128857e-001
 -6.6173878728228552e-001
 -5.4543455510790796e-002
 -1.4409782028684989e-001
 -5.2198216555868338e-001
 -2.8672384427227410e-001
 -3.9657143203986989e-001
 -1.9350560130774128e-001
 -1.1782149499725655e-001
 -6.0406127929980846e-002
 -2.1816783257708045e-002
 -2.4280156114201402e-003
