   3.8154950444892259e-15
  -3.9158501304600839e+00
  -4.0000000000000027e+00
  -3.9998528721487085e+00
  -3.9994115102414471e+00
  -3.9986759792148319e+00
  -3.9976463872859722e+00
  -3.9963228859365221e+00
  -3.9947056698903594e+00
  -3.9927949770850470e+00
  -3.9905910886366862e+00
  -3.9880943287986725e+00
  -3.9853050649138932e+00
  -3.9822237073607512e+00
  -3.9788507094927739e+00
  -3.9751865675718836e+00
  -3.9712318206954125e+00
  -3.9226719175355189e+00
  -3.9669870507167628e+00
  -3.9624528821598313e+00
  -3.9576299821270875e+00
  -3.9525190602014506e+00
  -3.9471208683418868e+00
  -3.9292108260230134e+00
  -3.9414362007727561e+00
  -3.9354658938670126e+00
  -3.8512213146974519e+00
  -3.9087464684715232e+00
  -3.9013619767164247e+00
  -3.8936977416591598e+00
  -3.8602665347014913e+00
  -3.8857548909221649e+00
  -3.8690380576874475e+00
  -3.8775345931200289e+00
  -3.8419037284791204e+00
  -3.7912796759324610e+00
  -3.8323151469229213e+00
  -3.8224569807762894e+00
  -3.8019377358048336e+00
  -3.8123306804499668e+00
  -3.7803580689303256e+00
  -3.7691745216709780e+00
  -3.7577306795656971e+00
  -3.7460282263223856e+00
  -3.7340688836978311e+00
  -3.6966673024797467e+00
  -3.7218544112444651e+00
  -3.7093866060512926e+00
  -3.6836983718936636e+00
  -3.6704817223838702e+00
  -3.6570192984876644e+00
  -3.5093307370173443e+00
  -3.5251361483623640e+00
  -3.5407171697029258e+00
  -3.5560715086368777e+00
  -3.6433130809025442e+00
  -3.5711969061133040e+00
  -3.6293650861948215e+00
  -3.5860911367649941e+00
  -3.6151773665029805e+00
  -3.6007520092357881e+00
  -3.4933032610841095e+00
  -3.4605915801303020e+00
  -3.4770560786507425e+00
  -3.3926093449852308e+00
  -3.4099185696325245e+00
  -3.4270203559901371e+00
  -3.4439121879090382e+00
  -3.3750952287173601e+00
  -3.3573787976431486e+00
  -3.3213494467801485e+00
  -3.3030418279123506e+00
  -3.2845424953002853e+00
  -3.2658541707109534e+00
  -3.3394626583430433e+00
  -3.2469796037174716e+00
  -3.2279215712942815e+00
  -2.9647826135219360e+00
  -2.9859612846481172e+00
  -3.2086828774087324e+00
  -3.0069948934090407e+00
  -3.1696748536053221e+00
  -3.1499112628541490e+00
  -3.1098794620983230e+00
  -3.0896171418864582e+00
  -3.0691945086458108e+00
  -3.0486145671144764e+00
  -3.1299784881297303e+00
  -3.1892663526085627e+00
  -2.9434619960028434e+00
  -2.9220025689475078e+00
  -2.9004074896353487e+00
  -2.8786799353039045e+00
  -2.8348402075173631e+00
  -2.8127344841071680e+00
  -2.7905091848186414e+00
  -2.7681675796123462e+00
  -2.7457129555606201e+00
  -2.7231486163640715e+00
  -2.7004778818654138e+00
  -3.0278803451750393e+00
  -2.8568231026816662e+00
  -2.6548305841106314e+00
  -2.6318607368433398e+00
  -2.6087979252635214e+00
  -2.5856455425530953e+00
  -2.5624069950723629e+00
  -2.5390857018589017e+00
  -2.5156850941244633e+00
  -2.3499505777677441e+00
  -2.3738093970173901e+00
  -2.3976132184936638e+00
  -2.4213585399914468e+00
  -2.4450418679126238e+00
  -2.4686597177800405e+00
  -2.6777040875611617e+00
  -2.4922086147502247e+00
  -2.3260402710415389e+00
  -2.2540356394937575e+00
  -2.2780792737053068e+00
  -2.3020819947108158e+00
  -2.2299546295644275e+00
  -2.2058397869045470e+00
  -2.1816946594791204e+00
  -2.1575227997088393e+00
  -2.0363870964102415e+00
  -2.0606392122597801e+00
  -2.0121296270054052e+00
  -1.9878703729946003e+00
  -2.1333277639475137e+00
  -2.1091131119587692e+00
  -2.0848824063923117e+00
  -1.9636129035897651e+00
  -1.4143544574468951e+00
  -1.4375930049276311e+00
  -1.4609142981410992e+00
  -1.9393607877402459e+00
  -1.8183053405208993e+00
  -1.8424772002911791e+00
  -1.7941602130954541e+00
  -1.7700453704355914e+00
  -1.7459643605062498e+00
  -1.6500494222322502e+00
  -1.6261906029826085e+00
  -1.6023867815063384e+00
  -1.5786414600085490e+00
  -1.5549581320873758e+00
  -1.5313402822199571e+00
  -1.6739597289584611e+00
  -1.7219207262947092e+00
  -1.8666722360524852e+00
  -1.9151175936076996e+00
  -1.8908868880412348e+00
  -1.3681392631566629e+00
  -1.3912020747364677e+00
  -1.4843149058755229e+00
  -1.3451694158893648e+00
  -1.2995221181345866e+00
  -1.2768513836359352e+00
  -1.2542870444393808e+00
  -1.2318324203876609e+00
  -1.2094908151813495e+00
  -1.1872655158928380e+00
  -1.0779974310524791e+00
  -1.0995925103646587e+00
  -1.1213200646960690e+00
  -1.1651597924826291e+00
  -1.0565380039971575e+00
  -8.7002151187027965e-01
  -8.9012053790168089e-01
  -9.1038285811353403e-01
  -9.3080549135419899e-01
  -9.5138543288554489e-01
  -1.0140387153518766e+00
  -9.9300510659095365e-01
  -1.0352173864780754e+00
  -1.6979180052891925e+00
  -1.5077913852498037e+00
  -8.5008873714583866e-01
  -7.5302039628253459e-01
  -7.3414582928903982e-01
  -7.1545750469973046e-01
  -6.9695817208764421e-01
  -6.7865055321984136e-01
  -5.5608781209095248e-01
  -5.7297964400985801e-01
  -5.9008143036748451e-01
  -6.0739065501475409e-01
  -6.2490477128263922e-01
  -6.4262120235685105e-01
  -7.7207842870572152e-01
  -8.3032514639467103e-01
  -7.9131712259125409e-01
  -8.1073364739143361e-01
  -5.3940841986970722e-01
  -5.0669673891588896e-01
  -4.9066926298265878e-01
  -4.7486385163764838e-01
  -4.5928283029707412e-01
  -4.4392849136312185e-01
  -7.2050229149471373e-03
  -5.2943301096330586e-03
  -1.4712785129035780e-04
  -5.8848975855654265e-04
  -1.3240207851676858e-03
  -3.6771140634850943e-03
  -6.6053734165694955e-01
  -3.5668691909745598e-01
  -3.4298070151231624e-01
  -3.2951827761610986e-01
  -3.1630162810633805e-01
  -3.0333269752024422e-01
  -2.4226932043430691e-01
  -2.5397177367762280e-01
  -2.6593111630217114e-01
  -9.4089113633024288e-03
  -1.1905671201324842e-02
  -1.4694935086106265e-02
  -1.7776292639243390e-02
  -2.3082547832902645e-01
  -2.1964193106967331e-01
  -3.3012949283229953e-02
  -3.7547117840163999e-02
  -2.8768179304583162e-02
  -2.4813432428109593e-02
  -4.2880309388668947e-01
  -4.1390886323501080e-01
  -2.0872032406752661e-01
  -1.7754301922372839e-01
  -1.6768485307708342e-01
  -1.5809627152089056e-01
  -4.2370017872908929e-02
  -4.7480939798544383e-02
  -3.7063491380518448e-01
  -2.7814558875556095e-01
  -1.4877868530255298e-01
  -1.8766931955002503e-01
  -1.3973346529850908e-01
  -5.2879131658110839e-02
  -8.4149869539922970e-02
  -7.7328082464468664e-02
  -9.1253531528468268e-02
  -1.0630225834084295e-01
  -1.3096194231254285e-01
  -3.8482263349700829e-01
  -7.0789173976976594e-02
  -1.1424510907783166e-01
  -3.9924799076422357e-01
  -2.9061339394871627e-01
  -6.4534106133001881e-02
  -1.9806226419516185e-01
  -1.2246540687998218e-01
  -9.8638023283574933e-02
  -5.2294392134925605e-01
  -5.8563799227238318e-02
  -2.1149290507220791e-02
  -1.3222959124388611e+00
  -1.1431768973183336e+00
  -9.7211965482496210e-01
  -2.3536127140274836e-03
