 -4.5711453143612840e-015
 -3.7965687411194819e+000
 -3.8019377358048447e+000
 -3.8072386227677577e+000
 -3.8124712016509625e+000
 -3.8176352746790210e+000
 -3.8227306466657658e+000
 -3.8277571250218023e+000
 -3.8327145197616246e+000
 -3.8376026435109143e+000
 -3.8424213115136170e+000
 -3.8471703416387983e+000
 -3.8518495543877145e+000
 -3.8564587729004365e+000
 -3.8609978229626689e+000
 -3.8654665330122091e+000
 -3.8698647341455410e+000
 -3.8741922601241323e+000
 -3.8784489473807753e+000
 -3.8826346350257097e+000
 -3.8867491648527968e+000
 -3.9996598361617672e+000
 -3.9998488136909027e+000
 -4.0000000000000089e+000
 -3.9999622030655755e+000
 -3.9993952776209092e+000
 -3.9990551480678795e+000
 -3.9986394603584818e+000
 -3.8907923813454368e+000
 -3.9981482302044649e+000
 -3.9975814761728206e+000
 -3.9969392196851139e+000
 -3.9962214850166329e+000
 -3.9954282992956349e+000
 -3.9945596925020093e+000
 -3.8947641316824106e+000
 -3.9936156974665091e+000
 -3.9925963498692107e+000
 -3.8986642657437311e+000
 -3.9915016882383543e+000
 -3.9903317539487588e+000
 -3.9890865912203735e+000
 -3.9877662471165447e+000
 -3.9062490980995168e+000
 -3.9099335097105312e+000
 -3.9135457316899154e+000
 -3.9863707715422048e+000
 -3.9170856275067543e+000
 -3.9849002172420862e+000
 -3.9833546397986015e+000
 -3.9205530633638714e+000
 -3.9800386519873414e+000
 -3.9782683669537726e+000
 -3.9817340976298521e+000
 -3.9764233094404453e+000
 -3.9272700337087243e+000
 -3.9745035491848890e+000
 -3.9336956272105650e+000
 -3.9305193143156085e+000
 -3.9367988523387027e+000
 -3.9725091587481645e+000
 -3.9660789742561571e+000
 -3.9637868450777494e+000
 -3.9682967916765235e+000
 -3.9704402135121244e+000
 -3.9614204907767232e+000
 -3.9398288724076118e+000
 -3.9484785708648480e+000
 -3.9456688420371702e+000
 -3.9024926361162993e+000
 -3.9512146531757573e+000
 -3.9564654673726891e+000
 -3.9589800007940177e+000
 -3.9538769855543525e+000
 -3.9427855728918364e+000
 -3.9239479082027504e+000
 -3.6616572672686485e+000
 -3.6684688167340171e+000
 -3.7911318416432285e+000
 -3.7856272428741908e+000
 -3.6752173031929374e+000
 -3.7800551528693678e+000
 -3.6819024715732973e+000
 -3.7744157822366358e+000
 -3.6885240691962431e+000
 -3.7687093441269304e+000
 -3.7629360542261483e+000
 -3.7015755534777197e+000
 -3.7080049468301359e+000
 -3.7206698209107878e+000
 -3.7269048229455772e+000
 -3.6950818457856518e+000
 -3.7511897944204544e+000
 -3.7143697828315956e+000
 -3.7330745532720342e+000
 -3.7391787786932507e+000
 -3.7452172684881742e+000
 -3.7570961307469433e+000
 -3.6478460115150875e+000
 -3.6408468272500842e+000
 -3.6547829122524917e+000
 -3.6266626686720955e+000
 -3.6337856240051316e+000
 -3.6194782304768105e+000
 -3.6049259940121754e+000
 -3.6122325809690783e+000
 -3.4633128970717841e+000
 -3.5975587457727154e+000
 -3.5901311147101351e+000
 -3.5826433815660716e+000
 -3.4716669536798870e+000
 -3.4799653857886179e+000
 -3.5674887433479272e+000
 -3.5045238091490627e+000
 -3.5443131689983232e+000
 -3.5364708454010074e+000
 -3.5750958293538595e+000
 -3.5520971222920878e+000
 -3.5285704479158828e+000
 -3.4963941240012075e+000
 -3.5125966279091800e+000
 -3.4882078797427214e+000
 -3.5598224110727035e+000
 -3.5206122751537539e+000
 -3.4549035317220782e+000
 -3.4293467720859252e+000
 -3.4379201482692410e+000
 -3.4464391754789787e+000
 -3.0873868126857977e+000
 -3.0976859165694037e+000
 -3.4207193709763941e+000
 -3.1079435312904824e+000
 -3.4033038003656042e+000
 -3.4120382710299633e+000
 -3.3945162891195140e+000
 -3.3856760694326957e+000
 -3.1181592691425188e+000
 -3.1283327440019839e+000
 -3.3678388432492441e+000
 -3.3588425109450770e+000
 -3.3497948185596376e+000
 -3.1384635713426543e+000
 -3.3767834754383386e+000
 -3.3315467233733442e+000
 -3.3406961080679261e+000
 -3.3223470102946084e+000
 -3.1485513682504416e+000
 -3.3130973165525859e+000
 -3.1585957534374196e+000
 -3.1785527717165158e+000
 -3.3037979917574112e+000
 -3.2944493873950651e+000
 -3.1884646504944905e+000
 -3.2850518568140674e+000
 -3.2179292748543880e+000
 -3.2276592415676144e+000
 -3.1685963472567296e+000
 -3.2469796037174641e+000
 -3.1983316089519587e+000
 -3.2565692689036347e+000
 -3.2756057552123199e+000
 -3.2081532741482173e+000
 -3.2661114396235091e+000
 -3.2373428065249943e+000
 -3.0035474071990453e+000
 -3.0141642818783589e+000
 -3.0247428242568559e+000
 -3.0352826344980079e+000
 -3.0457833142293054e+000
 -3.0562444665572532e+000
 -3.0666656960823686e+000
 -3.0770466089141086e+000
 -2.8511135322550554e+000
 -2.8622242928011108e+000
 -2.8733024639121352e+000
 -2.8843476268671746e+000
 -2.9822002675126975e+000
 -2.9281898667068726e+000
 -2.9499021441341049e+000
 -2.9390637522860175e+000
 -2.9172808983962244e+000
 -2.9928926015041375e+000
 -2.8953593641929571e+000
 -2.9607046325931328e+000
 -2.9063372596795469e+000
 -2.9714708093621733e+000
 -2.8399706022266265e+000
 -2.8287959238844258e+000
 -2.8175899195970318e+000
 -2.8063530129170462e+000
 -2.7950856285651180e+000
 -2.7837881924138324e+000
 -2.7724611314716188e+000
 -2.4928527865935988e+000
 -2.5047600732148103e+000
 -2.7611048738667097e+000
 -2.7497198488307344e+000
 -2.7383064866828262e+000
 -2.5166482814526727e+000
 -2.5285169619692840e+000
 -2.7268652188130544e+000
 -2.7153964776662973e+000
 -2.5403656661649263e+000
 -2.5640013549865963e+000
 -2.7039006967257446e+000
 -2.6692554652058651e+000
 -2.6808297544900683e+000
 -2.5992938951382065e+000
 -2.5875517745250671e+000
 -2.5521939461949636e+000
 -2.6576558801167280e+000
 -2.6343825771782376e+000
 -2.6110133642793087e+000
 -2.5757874462559878e+000
 -2.6460314376514185e+000
 -2.6923783104967125e+000
 -2.6227097389883776e+000
 -2.3607426587672449e+000
 -2.3728299572691838e+000
 -2.3849031639416509e+000
 -2.3969618224545153e+000
 -2.4210336724470598e+000
 -2.4330459540846117e+000
 -2.4570209605223483e+000
 -2.4689827791408208e+000
 -2.4450418679126216e+000
 -2.4809268716479367e+000
 -2.2147626933283302e+000
 -2.2269833234736929e+000
 -2.2391953743452988e+000
 -2.2513983843649528e+000
 -2.3001107966893133e+000
 -2.2879485587622432e+000
 -2.3122616913482887e+000
 -2.3486417252986933e+000
 -2.2757754372623884e+000
 -2.2635918922963967e+000
 -2.3244007834725586e+000
 -2.3365276142417328e+000
 -2.4090054770273515e+000
 -1.9938520788533021e+000
 -2.1535470304485242e+000
 -2.2025339458115285e+000
 -2.1658036225534003e+000
 -2.1412846347366123e+000
 -2.1290168988986284e+000
 -2.0184435310675566e+000
 -2.0061479211467086e+000
 -2.0553243193803681e+000
 -2.0676143527986031e+000
 -2.0921862883603346e+000
 -2.0799018306015928e+000
 -2.1902975431324738e+000
 -2.1780539477896408e+000
 -2.1044672617599822e+000
 -2.0430321948724508e+000
 -2.0307384438794798e+000
 -2.1167442866173816e+000
 -1.9815564689324403e+000
 -1.6030381775455174e+000
 -1.9692615561205202e+000
 -1.9446756806196430e+000
 -1.9323856472013943e+000
 -1.9200981693984083e+000
 -1.9078137116396785e+000
 -1.9569678051275690e+000
 -1.6150968360583395e+000
 -1.6271700427308307e+000
 -1.8955327382400169e+000
 -1.6392573412327653e+000
 -1.8709831011013731e+000
 -1.8587153652633874e+000
 -1.8832557133826395e+000
 -1.8464529695514804e+000
 -1.6513582747013136e+000
 -1.8341963774466041e+000
 -1.6877383086517430e+000
 -1.6998892033107071e+000
 -1.7120514412377685e+000
 -1.7608046256547352e+000
 -1.7730166765263178e+000
 -1.8219460522103927e+000
 -1.7974660541884755e+000
 -1.6755992165274531e+000
 -1.7486016156350463e+000
 -1.7242245627376183e+000
 -1.6634723857583094e+000
 -1.7852373066716776e+000
 -1.8097024568675615e+000
 -1.7364081077036162e+000
 -1.4714830380307349e+000
 -1.5549581320873753e+000
 -1.4833517185473537e+000
 -1.5429790394776448e+000
 -1.5669540459153986e+000
 -1.4952399267851779e+000
 -1.5310172208591792e+000
 -1.5789663275529680e+000
 -1.5071472134064012e+000
 -1.5909945229726603e+000
 -1.4596343338350806e+000
 -1.4359986450134303e+000
 -1.4242125537440158e+000
 -1.4124482254749609e+000
 -1.4007061048618075e+000
 -1.5190731283520722e+000
 -1.3889866357207077e+000
 -1.3656174228217854e+000
 -1.3423441198832786e+000
 -1.3307445347941460e+000
 -1.3191702455099454e+000
 -1.2731347811869604e+000
 -1.2616935133171945e+000
 -1.2846035223337493e+000
 -1.2502801511692783e+000
 -1.1936469870829611e+000
 -1.4478060538050637e+000
 -1.2162118075861832e+000
 -1.2049143714348940e+000
 -1.2960993032742973e+000
 -1.1712040761155935e+000
 -1.1824100804030007e+000
 -1.2275388685283910e+000
 -1.3772902610116666e+000
 -1.3076216895033157e+000
 -1.2388951261333190e+000
 -1.3539685623486029e+000
 -1.1600293977733882e+000
 -1.1266975360878781e+000
 -1.1377757071988845e+000
 -1.1156523731328281e+000
 -1.1488864677449553e+000
 -1.1046406358070400e+000
 -1.0827191016037911e+000
 -1.0718101332931154e+000
 -1.0609362477139725e+000
 -1.0936627403204315e+000
 -1.0500978558658947e+000
 -6.8690268344740990e-001
 -6.9620200824257217e-001
 -7.0555061260494123e-001
 -1.0392953674068683e+000
 -7.1494814318592326e-001
 -1.0177997324873107e+000
 -1.0071073984958663e+000
 -7.3388856037649530e-001
 -1.0285291906378604e+000
 -9.9645259280098919e-001
 -7.4343073109638746e-001
 -7.5302039628253670e-001
 -9.8583571812163584e-001
 -7.6265719347499339e-001
 -9.7525717574315107e-001
 -9.4375553344274976e-001
 -9.5421668577070495e-001
 -8.8184073085750581e-001
 -7.7234075843237482e-001
 -8.7166725599805717e-001
 -9.2295339108589802e-001
 -8.9205646870953204e-001
 -8.6153642865733793e-001
 -9.3333430391764227e-001
 -9.1261318731419516e-001
 -8.0166839104803300e-001
 -8.2144722828348160e-001
 -8.1153534950552475e-001
 -8.5144863174957197e-001
 -9.6471736550201292e-001
 -7.9184672585178906e-001
 -8.3140365274327133e-001
 -8.4140424656256418e-001
 -9.0231408343056441e-001
 -5.7928062902360689e-001
 -5.8796172897003995e-001
 -5.9669619963440612e-001
 -6.7765298970540944e-001
 -6.5930389193207295e-001
 -6.5020518144038397e-001
 -6.4115748905494718e-001
 -6.3216115675077900e-001
 -6.0548371088049480e-001
 -6.2321652456168464e-001
 -7.8207072514561038e-001
 -5.7065322791407791e-001
 -5.5356082452100985e-001
 -5.4509646827792002e-001
 -5.3668710292821531e-001
 -6.1432393056731993e-001
 -5.2833304632012767e-001
 -7.2439424478766323e-001
 -5.2003461421137998e-001
 -4.2490417064614072e-001
 -4.3251125665210832e-001
 -4.4017758892731623e-001
 -4.8740337209081552e-001
 -5.0360587599881457e-001
 -4.9547619085093914e-001
 -6.6845327662665721e-001
 -4.4790287770791498e-001
 -5.6207985173076958e-001
 -4.7142955208413490e-001
 -4.6352915459901006e-001
 -5.1179212025727594e-001
 -4.7938772484624625e-001
 -4.5568683100167190e-001
 -4.1735661843395194e-001
 -4.0244125422727151e-001
 -3.9507400598782488e-001
 -4.0986888528987669e-001
 -3.8776741903092798e-001
 -3.8052176952317862e-001
 -3.7333733132790592e-001
 -3.5915317274991065e-001
 -3.6621437599486073e-001
 -3.4521708774751408e-001
 -3.3834273273136306e-001
 -3.5215398848488855e-001
 -3.1147593080375280e-001
 -3.0491815421433760e-001
 -2.9842444652229294e-001
 -3.3153118326598163e-001
 -3.1809752842669198e-001
 -2.9199505316986485e-001
 -2.7933017908922336e-001
 -2.7309517705442515e-001
 -1.6728548023838108e-001
 -1.7224287497820862e-001
 -1.7726935333423613e-001
 -2.6692544672797885e-001
 -1.8752879834904010e-001
 -1.9276137723224240e-001
 -3.2478269680705540e-001
 -1.9806226419516298e-001
 -1.6239735648908032e-001
 -2.5478273151183245e-001
 -2.1994484713064519e-001
 -2.6082122130678026e-001
 -2.2558421776337026e-001
 -2.4290386925307983e-001
 -2.0343125888052269e-001
 -2.0886815835678246e-001
 -2.3129065587306269e-001
 -2.8563021716841192e-001
 -2.3706394577385256e-001
 -1.5757868848639786e-001
 -1.4354122709956529e-001
 -1.3453346698778407e-001
 -1.3013526585445684e-001
 -1.2155105261924573e-001
 -1.1736536497430609e-001
 -1.0920761865458646e-001
 -1.1325083514721467e-001
 -9.3750901900504155e-002
 -9.7507363883680420e-002
 -9.0066490289487849e-002
 -8.6454268310098351e-002
 -1.0523586831760953e-001
 -8.2914372493251912e-002
 -7.2729966291286877e-002
 -6.3201147661311588e-002
 -6.9480685684399968e-002
 -6.6304372789444802e-002
 -5.4331157962849423e-002
 -5.1521429135164762e-002
 -3.8579509223279788e-002
 -3.6213154922246610e-002
 -4.8785346824252285e-002
 -3.3921025743824280e-002
 -3.7796934426523919e-005
 -1.3629228457800818e-002
 -1.2233752883466250e-002
 -1.5118630909669026e-004
 -1.5099782757934060e-002
 -1.0913408779628023e-002
 -1.8265902370171075e-002
 -1.3605396415235476e-003
 -3.1703208323468575e-002
 -4.6123014445637329e-002
 -2.1731633046239634e-002
 -1.8517697955399480e-003
 -5.4403074979779142e-003
 -6.3843025334874917e-003
 -1.9961348012659311e-002
 -6.0171127592397892e-002
 -4.5717007043751950e-003
 -6.0472237908576877e-004
 -7.4036501307842232e-003
 -9.6682460512467587e-003
 -2.4881020557954486e-001
 -1.4815044561229906e-001
 -1.3900217703733517e-001
 -1.5282965836121173e-001
 -1.2580773987587213e-001
 -7.6052091797258775e-002
 -1.0133573425626946e-001
 -4.3534532627322167e-002
 -9.4485193213120428e-004
 -7.9446936636155402e-002
 -2.7490841251830066e-002
 -2.3576690559561287e-002
 -2.4185238271876939e-003
 -5.7214427108171650e-002
 -4.1019999205984745e-002
 -3.7785149833531361e-003
 -2.5496450815109820e-002
 -2.9559786487878766e-002
 -8.4983117616556463e-003
 -3.0607803149005478e-003
 -2.1437275712581183e-001
 -1.6645360201420118e-002
 -3.4016383823994972e-004
 -1.8236472532099343e-001
