 -3.9999999999999964e+000
 -3.9975138424378449e+000
 -3.9900615507307995e+000
 -3.9776616524502599e+000
 -3.9603449756970872e+000
 -3.9381545724581573e+000
 -3.9111456115722811e+000
 -3.8793852415718137e+000
 -3.8429524237408006e+000
 -3.8019377358048358e+000
 -3.7564431467404504e+000
 -3.7065817632643125e+000
 -3.6524775486319947e+000
 -3.5942650144458392e+000
 -3.5320888862379545e+000
 -3.4661037436596516e+000
 -3.3964736361721495e+000
 -3.3233716751937172e+000
 -3.2469796037174694e+000
 -3.1674873444695772e+000
 -3.0850925277315171e+000
 -3.0000000000000027e+000
 -2.9124213147063309e+000
 -2.8225742062612236e+000
 -2.7306820487327879e+000
 -2.6369733005033775e+000
 -2.5416809362860100e+000
 -2.4450418679126309e+000
 -2.3472963553338602e+000
 -2.2486874092949747e+000
 -2.1494601871728496e+000
 -2.0498613834761472e+000
 -1.9501386165238552e+000
 -1.8505398128271513e+000
 -1.7513125907050302e+000
 -1.6527036446661418e+000
 -1.5549581320873751e+000
 -1.4583190637139902e+000
 -1.3630266994966316e+000
 -1.2693179512672133e+000
 -1.1774257937387780e+000
 -1.0875786852936740e+000
 -1.0000000000000004e+000
 -9.1490747226848412e-001
 -8.3251265553042386e-001
 -7.5302039628253392e-001
  5.5209636220451184e-016
 -2.4861575621544902e-003
 -9.9384492691969428e-003
 -2.2338347549742028e-002
 -3.9655024302911950e-002
 -6.1845427541843682e-002
 -8.8854388427717784e-002
 -1.2061475842818371e-001
 -1.5704757625918486e-001
 -1.9806226419516126e-001
 -2.4355685325954274e-001
 -2.9341823673568940e-001
 -3.4752245136801080e-001
 -4.0573498555415510e-001
 -6.7662832480628010e-001
 -4.6791111376204408e-001
 -5.3389625634034643e-001
 -6.0352636382785396e-001
