  -4.0000000000000027e+00
  -3.9978017829714210e+00
  -3.9912119640438073e+00
  -3.9802450290693088e+00
  -3.9649250857511547e+00
  -3.9452858106496298e+00
  -3.9213703751536855e+00
  -3.8932313505808667e+00
  -3.8609305926141766e+00
  -3.8245391053297983e+00
  -3.7841368851147759e+00
  -3.7398127448175789e+00
  -3.6916641185181920e+00
  -3.6397968473468576e+00
  -3.5843249468222536e+00
  -3.5253703562207650e+00
  -3.4630626705273357e+00
  -3.3975388555576846e+00
  -3.3289429468776435e+00
  -3.2574257331817646e+00
  -3.1831444248270446e+00
  -3.1062623082504017e+00
  -3.0269483870296843e+00
  -2.9453770103771255e+00
  -2.8617274898819351e+00
  -2.7761837053444975e+00
  -2.6889337005686675e+00
  -2.6001692700006833e+00
  -2.5100855371233490e+00
  -2.4188805255322956e+00
  -2.3267547236370585e+00
  -2.2339106439441658e+00
  -2.1405523778905882e+00
  -2.0468851472065226e+00
  -1.9531148527934794e+00
  -1.8594476221094112e+00
  -1.7660893560558373e+00
  -1.6732452763629395e+00
  -1.5811194744677108e+00
  -1.4899144628766483e+00
  -1.3998307299993218e+00
  -1.3110662994313385e+00
  -1.2238162946555016e+00
  -1.1382725101180562e+00
  -1.0546229896228652e+00
  -9.7305161297031495e-01
  -8.9373769174960283e-01
  -8.1685557517295493e-01
  -7.4257426681822769e-01
  -1.6176296413483726e-16
  -2.1982170285775714e-03
  -8.7880359562041137e-03
  -1.9754970930698161e-02
  -3.5074914248847740e-02
  -5.4714189350374018e-02
  -7.8629624846319260e-02
  -1.0676864941913121e-01
  -1.3906940738582596e-01
  -1.7546089467020606e-01
  -2.1586311488522636e-01
  -2.6018725518241981e-01
  -3.0833588148180557e-01
  -3.6020315265315156e-01
  -4.1567505317774128e-01
  -6.7105705312235731e-01
  -4.7462964377923500e-01
  -5.3693732947266182e-01
  -6.0246114444231647e-01
