  -3.9999999999999987e+00
  -3.9979273472934524e+00
  -3.9917136850630608e+00
  -3.9813718920726608e+00
  -3.9669234032674754e+00
  -3.9483981653469500e+00
  -3.9258345746955929e+00
  -3.8992793978006310e+00
  -3.8687876743213345e+00
  -3.8344226030109012e+00
  -3.7962554107273894e+00
  -3.7543652048051834e+00
  -3.7088388090929754e+00
  -3.6597705839980454e+00
  -3.6072622309099511e+00
  -3.5514225814088420e+00
  -3.4923673716953654e+00
  -3.4302190027097925e+00
  -3.3651062864373129e+00
  -3.2971641789255144e+00
  -3.2265335005674363e+00
  -3.1533606442297351e+00
  -3.0777972718311570e+00
  -2.9999999999999978e+00
  -2.9201300754623016e+00
  -2.8383530408333248e+00
  -2.7548383915052317e+00
  -2.6697592243419797e+00
  -2.5832918789096526e+00
  -2.4956155719858018e+00
  -2.4069120261052754e+00
  -2.3173650929125076e+00
  -2.2271603721009501e+00
  -2.1364848267293435e+00
  -2.0455263957122121e+00
  -1.9544736042877913e+00
  -1.8635151732706605e+00
  -1.7728396278990493e+00
  -1.6826349070874949e+00
  -1.5930879738947328e+00
  -1.5043844280142002e+00
  -1.4167081210903487e+00
  -1.3302407756580266e+00
  -1.2451616084947728e+00
  -1.1616469591666723e+00
  -1.0798699245377001e+00
  -9.9999999999999922e-01
  -9.2220272816884896e-01
  -8.4663935577026617e-01
  -7.7346649943256651e-01
  -7.0283582107448683e-01
   2.0383000842727483e-16
  -2.0726527065446912e-03
  -8.2863149369373466e-03
  -1.8628107927338301e-02
  -3.3076596732515680e-02
  -5.1601834653041960e-02
  -7.4165425304401081e-02
  -1.0072060219936092e-01
  -1.3121232567865782e-01
  -1.6557739698909413e-01
  -2.0374458927260780e-01
  -2.4563479519481138e-01
  -2.9116119090702297e-01
  -3.4022941600195000e-01
  -3.9273776909004438e-01
  -4.4857741859116085e-01
  -5.0763262830462985e-01
  -6.3489371356269286e-01
  -5.6978099729020038e-01
