  -4.0000000000000009e+00
  -3.9980424530399530e+00
  -3.9921736441498941e+00
  -3.9824050617988274e+00
  -3.9687558284454534e+00
  -3.9512526631050129e+00
  -3.9299298290456313e+00
  -3.9048290667162644e+00
  -3.8759995120379291e+00
  -3.8434976002177548e+00
  -3.8073869552744068e+00
  -3.7677382654911264e+00
  -3.7246291450400544e+00
  -3.6781439820489066e+00
  -3.6283737734071573e+00
  -3.5754159466354469e+00
  -3.5193741691665696e+00
  -3.4603581454116688e+00
  -3.3984834020086332e+00
  -3.3338710616733009e+00
  -3.2666476060960972e+00
  -3.1969446283481169e+00
  -3.1248985752815579e+00
  -3.0506504804285997e+00
  -2.9743456879215850e+00
  -2.8961335679751601e+00
  -2.8161672244869314e+00
  -2.7346031953295178e+00
  -2.6516011459202375e+00
  -2.5673235566685939e+00
  -2.4819354049132318e+00
  -2.3956038419710390e+00
  -2.3084978659306037e+00
  -2.2207879908305359e+00
  -2.1326459128702084e+00
  -2.0442441743063742e+00
  -1.9557558256936232e+00
  -1.8673540871297949e+00
  -1.7792120091694628e+00
  -1.6915021340693972e+00
  -1.6043961580289650e+00
  -1.5180645950867697e+00
  -1.4326764433314088e+00
  -1.3483988540797638e+00
  -1.2653968046704862e+00
  -1.1838327755130698e+00
  -1.1038664320248437e+00
  -1.0256543120784058e+00
  -9.4934951957140246e-01
  -8.7510142471843810e-01
  -8.0305537165188501e-01
  -7.3335239390390505e-01
  -1.3896239775774697e-16
  -1.9575469600527241e-03
  -7.8263558501107059e-03
  -1.7594938201170772e-02
  -3.1244171554548377e-02
  -4.8747336894986198e-02
  -7.0070170954380395e-02
  -9.5170933283737505e-02
  -1.2400048796206571e-01
  -1.5650239978224326e-01
  -1.9261304472559190e-01
  -2.3226173450887752e-01
  -2.7537085495994423e-01
  -3.2185601795110208e-01
  -3.7162622659285161e-01
  -4.2458405336456334e-01
  -4.8062583083342925e-01
  -6.6612893832669806e-01
  -5.3964185458833125e-01
  -6.0151659799137180e-01
