 -3.9999976469033887e+000
 -3.9999788221638504e+000
 -3.9999411728619476e+000
 -3.9998846993520401e+000
 -3.9998094021657020e+000
 -3.9997152820116497e+000
 -3.9996023397757612e+000
 -3.9994705765211167e+000
 -3.9993199934879171e+000
 -3.9991505920935007e+000
 -3.9989623739323403e+000
 -3.9987553407760061e+000
 -3.9985294945731882e+000
 -3.9982848374496269e+000
 -3.9980213717081439e+000
 -3.9977390998285691e+000
 -3.9974380244677357e+000
 -3.9971181484595095e+000
 -3.9967794748146805e+000
 -3.9964220067209539e+000
 -3.9960457475429627e+000
 -3.9956507008222086e+000
 -3.9952368702770298e+000
 -3.9948042598025499e+000
 -3.9943528734706497e+000
 -3.9938827155299688e+000
 -3.9933937904057943e+000
 -3.9928861027000844e+000
 -3.9923596571913942e+000
 -3.9918144588348459e+000
 -3.9912505127620008e+000
 -3.9906678242809654e+000
 -3.9900663988762348e+000
 -3.9165321428160182e+000
 -3.9894462422086483e+000
 -3.9888073601153646e+000
 -3.9881497586097652e+000
 -3.9874734438814401e+000
 -3.9182772449236749e+000
 -3.9867784222961751e+000
 -3.9860647003957168e+000
 -3.9853322848979027e+000
 -3.9845811826965103e+000
 -3.9200042914753435e+000
 -3.9838114008612253e+000
 -3.9830229466374791e+000
 -3.9822158274465509e+000
 -3.9813900508853508e+000
 -3.9217132662153511e+000
 -3.9805456247263433e+000
 -3.9234041530582444e+000
 -3.9796825569176533e+000
 -3.9788008555827790e+000
 -3.9779005290206033e+000
 -3.9250769360887268e+000
 -3.9769815857054018e+000
 -3.9267315995618914e+000
 -3.9283681279034877e+000
 -3.9760440342865730e+000
 -3.9750878835887127e+000
 -3.9741131426114991e+000
 -3.9731198205295497e+000
 -3.9299865057098415e+000
 -3.9315867177481629e+000
 -3.9721079266923907e+000
 -3.9710774706243539e+000
 -3.9331687489566693e+000
 -3.9347325844446539e+000
 -3.9700284620244748e+000
 -3.9362782094927220e+000
 -3.9378056095528797e+000
 -3.9689609107664401e+000
 -3.9678748268984574e+000
 -3.9667702206431192e+000
 -3.9656471023974089e+000
 -3.9408056773751050e+000
 -3.9393147702486000e+000
 -3.9422783168994564e+000
 -3.9645054827326165e+000
 -3.9633453723939889e+000
 -3.9451687378694551e+000
 -3.9465864921093963e+000
 -3.9609697235469552e+000
 -3.9585202452981569e+000
 -3.9493670213770362e+000
 -3.9507297702333584e+000
 -3.9534001722574414e+000
 -3.9437326749605743e+000
 -3.9547078002904246e+000
 -3.9597542073990368e+000
 -3.9572678488588742e+000
 -3.9559970298691072e+000
 -3.9479859243359283e+000
 -3.9520741580780814e+000
 -3.9621667823009892e+000
 -3.8465828334390637e+000
 -3.8489309486505179e+000
 -3.8512616610197630e+000
 -3.8535749486091500e+000
 -3.8558707896452296e+000
 -3.8581491625186146e+000
 -3.8604100457844428e+000
 -3.8626534181623700e+000
 -3.8648792585369560e+000
 -3.8670875459576965e+000
 -3.8692782596393775e+000
 -3.8714513789621714e+000
 -3.8736068834718624e+000
 -3.8757447528799740e+000
 -3.8778649670641423e+000
 -3.8799675060680143e+000
 -3.8820523501017914e+000
 -3.8841194795420440e+000
 -3.8861688749322090e+000
 -3.8882005169825611e+000
 -3.8902143865705274e+000
 -3.8922104647407947e+000
 -3.8941887327055751e+000
 -3.8980917637054104e+000
 -3.9000164900036891e+000
 -3.9019233326231513e+000
 -3.9038122736158742e+000
 -3.9075363797719902e+000
 -3.9093715098826816e+000
 -3.9129878378048040e+000
 -3.9147690015779504e+000
 -3.9111886682615409e+000
 -3.8961491718445669e+000
 -3.9056832952024236e+000
 -3.7932929403573796e+000
 -3.7960011594815084e+000
 -3.7986924739586723e+000
 -3.8013668584572904e+000
 -3.8040242878049790e+000
 -3.8066647369890392e+000
 -3.8092881811564929e+000
 -3.8118945956145529e+000
 -3.8144839558306147e+000
 -3.8418344830583862e+000
 -3.8394342925824594e+000
 -3.8170562374326060e+000
 -3.8370167886504332e+000
 -3.8345819940167534e+000
 -3.8442173374866782e+000
 -3.8321299315986592e+000
 -3.8296606244758853e+000
 -3.8271740958904759e+000
 -3.8196114162093040e+000
 -3.8246703692466277e+000
 -3.8221494681103354e+000
 -3.7681625174253228e+000
 -3.7710217122724168e+000
 -3.7738642375887030e+000
 -3.7766900666191945e+000
 -3.7794991727661471e+000
 -3.7822915295891835e+000
 -3.7850671108055534e+000
 -3.7878258902904252e+000
 -3.7905678420771296e+000
 -3.7107073294703703e+000
 -3.7138779548356702e+000
 -3.7170324485289088e+000
 -3.7232929222861615e+000
 -3.7623942269424542e+000
 -3.7263988434242807e+000
 -3.7594851856001115e+000
 -3.7294885150389221e+000
 -3.7565595833131127e+000
 -3.7386597426972177e+000
 -3.7416841269401560e+000
 -3.7446921177887824e+000
 -3.7536174476182982e+000
 -3.7201707808587994e+000
 -3.7652866799591616e+000
 -3.7325619080490373e+000
 -3.7356189935265891e+000
 -3.7476836869307291e+000
 -3.7506588062082344e+000
 -3.6191152848080890e+000
 -3.6262888296985047e+000
 -3.6298526581130415e+000
 -3.6334011457336373e+000
 -3.6369342591606015e+000
 -3.6439542305584753e+000
 -3.6404519651388747e+000
 -3.6474410224547626e+000
 -3.6509123080087491e+000
 -3.6612328006176811e+000
 -3.6578082295437202e+000
 -3.6646417355358500e+000
 -3.7075206022762193e+000
 -3.6680350022120272e+000
 -3.6946132773717180e+000
 -3.6913464939745810e+000
 -3.6978641104232564e+000
 -3.6747744032313028e+000
 -3.6781204741406395e+000
 -3.6847651992863892e+000
 -3.6543680545473398e+000
 -3.7010989625311970e+000
 -3.6814507499409190e+000
 -3.7043178032478288e+000
 -3.6880637909801277e+000
 -3.6714125687074968e+000
 -3.5164198196260328e+000
 -3.5204133633024033e+000
 -3.5243925962691653e+000
 -3.5283574810722511e+000
 -3.5323079803926505e+000
 -3.5401656739866798e+000
 -3.5440727943007810e+000
 -3.5479653812136465e+000
 -3.5557068084189241e+000
 -3.5595555758460353e+000
 -3.6227096940341204e+000
 -3.5710136591281234e+000
 -3.5748034940580626e+000
 -3.5672090372192811e+000
 -3.5823386604353944e+000
 -3.5860839209588846e+000
 -3.5898142526564745e+000
 -3.6009153243852414e+000
 -3.6155056358523652e+000
 -3.6045855910762215e+000
 -3.5972299892695276e+000
 -3.5633896641420981e+000
 -3.5518433980868358e+000
 -3.6082407547965469e+000
 -3.6118807811423697e+000
 -3.5362440570467375e+000
 -3.5935296204168319e+000
 -3.5785785063377822e+000
 -3.3857323496348690e+000
 -3.3901502279599920e+000
 -3.3945550216617741e+000
 -3.5124120028287829e+000
 -3.3989466892805842e+000
 -3.4033251894803578e+000
 -3.5043537008980850e+000
 -3.5083899506337706e+000
 -3.5003032916124317e+000
 -3.4880674883598437e+000
 -3.4921601470201153e+000
 -3.4076904810489923e+000
 -3.4798401909190266e+000
 -3.4839608234416621e+000
 -3.4120425228986728e+000
 -3.4757056295769275e+000
 -3.4673948762293128e+000
 -3.4163812740664032e+000
 -3.4632187624477799e+000
 -3.4715571783314361e+000
 -3.4506079447461149e+000
 -3.4548252572047313e+000
 -3.4962387609007952e+000
 -3.4421323986290262e+000
 -3.4590288762939871e+000
 -3.4207066937141284e+000
 -3.4378742447456077e+000
 -3.4293173757255389e+000
 -3.4250187411293922e+000
 -3.4336025570422266e+000
 -3.4463769786130722e+000
 -3.3453895381415535e+000
 -3.3499232922040352e+000
 -3.3589526397987317e+000
 -3.3544443402743580e+000
 -3.3768575055681964e+000
 -3.3724006233600790e+000
 -3.3813014282690701e+000
 -3.3634481483432896e+000
 -3.3679308235946479e+000
 -3.2134622540690425e+000
 -3.3408431207603377e+000
 -3.3317124673310383e+000
 -3.3271283172240906e+000
 -3.3225316756799970e+000
 -3.3362840828530764e+000
 -3.3179225859640877e+000
 -3.2183340246728958e+000
 -3.3133010914588619e+000
 -3.2231943278529216e+000
 -3.2280431178620717e+000
 -3.3040210621939274e+000
 -3.2993626147813853e+000
 -3.2328803490617082e+000
 -3.2946919372730590e+000
 -3.2900090736311043e+000
 -3.2377059759219873e+000
 -3.2425199530221667e+000
 -3.2853140679324668e+000
 -3.2473222350513935e+000
 -3.3086672356635956e+000
 -3.2616584592568572e+000
 -3.2568915332036621e+000
 -3.2664135101001128e+000
 -3.2758878072436950e+000
 -3.2806069643682747e+000
 -3.2521127768086768e+000
 -3.2711566409771446e+000
 -3.1541233457113629e+000
 -3.1591291182788086e+000
 -3.1641239806815435e+000
 -3.1790426372821292e+000
 -3.1839933899240798e+000
 -3.1889329983693386e+000
 -3.1691078859060626e+000
 -3.1938614161243808e+000
 -3.2085790618963026e+000
 -3.1740807870418242e+000
 -3.2036844941171676e+000
 -3.1987785968011595e+000
 -3.1491067100954333e+000
 -3.1339920976502076e+000
 -3.1390410386939016e+000
 -3.1440792586495232e+000
 -3.1289324830410297e+000
 -3.0150179821059599e+000
 -3.0203001934135534e+000
 -3.1187814237182749e+000
 -3.1136900745503286e+000
 -3.1085882429072420e+000
 -3.0255728012671210e+000
 -3.1034759768094031e+000
 -3.0360890081920111e+000
 -3.0413325082807332e+000
 -3.0932203338216659e+000
 -3.0880770534617628e+000
 -3.0570040030844505e+000
 -3.0674020036143013e+000
 -3.0622080023025027e+000
 -3.0725859581319455e+000
 -3.0829235317062538e+000
 -3.0777598170620188e+000
 -3.1238622424893796e+000
 -3.0465662069513160e+000
 -3.0517900549421677e+000
 -3.0308357560389401e+000
 -3.0983533243754460e+000
 -3.0097262170625272e+000
 -3.0044249480914238e+000
 -2.9991142250901532e+000
 -2.9937940980453250e+000
 -2.9831258322131080e+000
 -2.7511723569784361e+000
 -2.9777777938395347e+000
 -2.7568555096175382e+000
 -2.9884646170319251e+000
 -2.9562941128496902e+000
 -2.9616786612006738e+000
 -2.9509005634943168e+000
 -2.7625315384443367e+000
 -2.9400866649191877e+000
 -2.9670541578658263e+000
 -2.9346664174839781e+000
 -2.9454980639006747e+000
 -2.7682003900338894e+000
 -2.7738620110287955e+000
 -2.9292373726125032e+000
 -2.9237995814049302e+000
 -2.9724205522489990e+000
 -2.9183530950439067e+000
 -2.7795163481397260e+000
 -2.8964812245704463e+000
 -2.9019619780902088e+000
 -2.9074342420003463e+000
 -2.7851633481458968e+000
 -2.8854944551291442e+000
 -2.8909920330279886e+000
 -2.7908029578956461e+000
 -2.8799885426192602e+000
 -2.8020597943671381e+000
 -2.8744743473220686e+000
 -2.8689519211393191e+000
 -2.8076769151353251e+000
 -2.8188882973845062e+000
 -2.7964351243067793e+000
 -2.8356474316404103e+000
 -2.8300688489521724e+000
 -2.8634213160501170e+000
 -2.8244824533397832e+000
 -2.8132864337407431e+000
 -2.8467809482875954e+000
 -2.9128979647937867e+000
 -2.8412181488968140e+000
 -2.8578825841106617e+000
 -2.8523357774536349e+000
 -2.6882028519798840e+000
 -2.6939608216918662e+000
 -2.6997122595802709e+000
 -2.7054571115104338e+000
 -2.7111953234095849e+000
 -2.7169268412674796e+000
 -2.7283695791341671e+000
 -2.7397848942978720e+000
 -2.7226516111369192e+000
 -2.7454821340190279e+000
 -2.7340806914395390e+000
 -2.6824384046405698e+000
 -2.5540921606121962e+000
 -2.5599852861605501e+000
 -2.6766675339310786e+000
 -2.6651067397320936e+000
 -2.6593169250571744e+000
 -2.6535209046402546e+000
 -2.6477187330357088e+000
 -2.6708902941690709e+000
 -2.5658731409141096e+000
 -2.6419104648557625e+000
 -2.6360961547700321e+000
 -2.5776328164120841e+000
 -2.5717556694541579e+000
 -2.6302758575050520e+000
 -2.5835045264699765e+000
 -2.5893707443610183e+000
 -2.6244496278436507e+000
 -2.5952314148701889e+000
 -2.6186175206245559e+000
 -2.6010864828345523e+000
 -2.6069358931440147e+000
 -2.6127795907417370e+000
 -2.5126973649798852e+000
 -2.5186258302657665e+000
 -2.5245494140478217e+000
 -2.5363817141268092e+000
 -2.5422903190536088e+000
 -2.5304680605709953e+000
 -2.5481938197373624e+000
 -2.5067640739911417e+000
 -2.5008260131459203e+000
 -2.4948832383355497e+000
 -2.4889358054956423e+000
 -2.4829837706057503e+000
 -2.3811495096405029e+000
 -2.4591307316410447e+000
 -2.4651006140775573e+000
 -2.4531565276912284e+000
 -2.4052140776888460e+000
 -2.3871711745916229e+000
 -2.4411953802177453e+000
 -2.3992035152422688e+000
 -2.4112208261061951e+000
 -2.4770271896886640e+000
 -2.4471780584595959e+000
 -2.4710661188099738e+000
 -2.4172237039565361e+000
 -2.4352085492769771e+000
 -2.4292176219876076e+000
 -2.4232226547384172e+000
 -2.3751242571650666e+000
 -2.3690954738772412e+000
 -2.3931891953401663e+000
 -2.3630632165222649e+000
 -2.3389005824679234e+000
 -2.3449461679935943e+000
 -2.3509885067545406e+000
 -2.3570275418780176e+000
 -2.3328518070809303e+000
 -2.3267998987659491e+000
 -2.3086259460260425e+000
 -2.3146869112324779e+000
 -2.3207449144858563e+000
 -2.0460153629376823e+000
 -2.3025620759146612e+000
 -2.0521494356582215e+000
 -2.2661210503142808e+000
 -2.2722011503514197e+000
 -2.2782786883276565e+000
 -2.2843536070389114e+000
 -2.2904258493057186e+000
 -2.2964953579737917e+000
 -2.0582830175283662e+000
 -2.2600384454444655e+000
 -2.0644160508165919e+000
 -2.2478659502370260e+000
 -2.2539533929937687e+000
 -2.2417761744715539e+000
 -2.0705484777964247e+000
 -2.0766802407471032e+000
 -2.2356841230166435e+000
 -2.2112943074268245e+000
 -2.2173948880262855e+000
 -2.2051917380448751e+000
 -2.0828112819541436e+000
 -2.0889415437098751e+000
 -2.1929808627105127e+000
 -2.1868726716914839e+000
 -2.1990872373201307e+000
 -2.1807627217557344e+000
 -2.0950709683139013e+000
 -2.1318267055940008e+000
 -2.1379486552565279e+000
 -2.1501886016958420e+000
 -2.1563064832655896e+000
 -2.1134536423338224e+000
 -2.1011994980737958e+000
 -2.1073270753054736e+000
 -2.2234934224222496e+000
 -2.1195791414932654e+000
 -2.1746510704123958e+000
 -2.1685377751866555e+000
 -2.1440693064937766e+000
 -2.1257035151283148e+000
 -2.2295898532130183e+000
 -2.1624228936191918e+000
 -2.0092038522408884e+000
 -2.0153396574790698e+000
 -2.0214753183345313e+000
 -2.0276107770561187e+000
 -2.0398808571030216e+000
 -2.0337459758945489e+000
 -1.9171887180458296e+000
 -1.9233197592528903e+000
 -1.9294515222035706e+000
 -1.9355839491833891e+000
 -1.9417169824716189e+000
 -2.0030679603725705e+000
 -1.9969320396274417e+000
 -1.9478505643417836e+000
 -1.9907961477591176e+000
 -1.9785246816654811e+000
 -1.9539846370623266e+000
 -1.9846603425209346e+000
 -1.9723892229438786e+000
 -1.9601191428969740e+000
 -1.9662540241054562e+000
 -1.9110584562901216e+000
 -1.7095741506943085e+000
 -1.8865463576661881e+000
 -1.8804208585067237e+000
 -1.9049290316860952e+000
 -1.8681732944059870e+000
 -1.8742964848716750e+000
 -1.7156463929611081e+000
 -1.8926729246945366e+000
 -1.8988005019262353e+000
 -1.8620513447434788e+000
 -1.8559306935062254e+000
 -1.7217213116723471e+000
 -1.8498113983041546e+000
 -1.7277988496485865e+000
 -1.7338789496857117e+000
 -1.8436935167344095e+000
 -1.7399615545555256e+000
 -1.7460466070062219e+000
 -1.7521340497629720e+000
 -1.8192372782442692e+000
 -1.8253489295876197e+000
 -1.8314622248133525e+000
 -1.7948082619551267e+000
 -1.7582238255284313e+000
 -1.8009127626798667e+000
 -1.8375771063808308e+000
 -1.8131273283085001e+000
 -1.8070191372894986e+000
 -1.7826051119737154e+000
 -1.7887056925731759e+000
 -1.7643158769833449e+000
 -1.7765065775777398e+000
 -1.7704101467869902e+000
 -1.6792550855141439e+000
 -1.6853130887675161e+000
 -1.6913740539739592e+000
 -1.6974379240853417e+000
 -1.7035046420262130e+000
 -1.6732001012340569e+000
 -1.6671481929190730e+000
 -1.6610994175320581e+000
 -1.6550538320064057e+000
 -1.6490114932454605e+000
 -1.6309045261227688e+000
 -1.6369367834777488e+000
 -1.6248757428349392e+000
 -1.6429724581220420e+000
 -1.6188504903595098e+000
 -1.6128288254083987e+000
 -1.5887791738938108e+000
 -1.5947859223111580e+000
 -1.6007964847577356e+000
 -1.6068108046598459e+000
 -1.5827762960434648e+000
 -1.5707823780124235e+000
 -1.5647914507230321e+000
 -1.5588046197822549e+000
 -1.5528219415404110e+000
 -1.5468434723087854e+000
 -1.5408692683589609e+000
 -1.5348993859224491e+000
 -1.5289338811900524e+000
 -1.5229728103113624e+000
 -1.5767773452615557e+000
 -1.5051167616644547e+000
 -1.4991739868540765e+000
 -1.4932359260088626e+000
 -1.4873026350201233e+000
 -1.4813741697342393e+000
 -1.5170162293942744e+000
 -1.4754505859521820e+000
 -1.5110641945043668e+000
 -1.4695319394289863e+000
 -1.4636182858731910e+000
 -1.1643525683595748e+000
 -1.1699311510478441e+000
 -1.4577096809463821e+000
 -1.1755175466602377e+000
 -1.1811117026154914e+000
 -1.4223671835879075e+000
 -1.4282443305458323e+000
 -1.4164954735300324e+000
 -1.4400147138394463e+000
 -1.4459078393877975e+000
 -1.4106292556389826e+000
 -1.1867135662592569e+000
 -1.4047685851298315e+000
 -1.1923230848646955e+000
 -1.4341268590858971e+000
 -1.3989135171654583e+000
 -1.4518061802626114e+000
 -1.1979402056328508e+000
 -1.3930641068559628e+000
 -1.3755503721563518e+000
 -1.3813824793754517e+000
 -1.3639038452299721e+000
 -1.3580895351442497e+000
 -1.2091970421043681e+000
 -1.3522812669642927e+000
 -1.2148366518541025e+000
 -1.2204836518602900e+000
 -1.3464790953597314e+000
 -1.2261379889712254e+000
 -1.2317996099661297e+000
 -1.3406830749428276e+000
 -1.3348932602679084e+000
 -1.3117971480201198e+000
 -1.2945428884895736e+000
 -1.3002877404197257e+000
 -1.2374684615556777e+000
 -1.3060391783081549e+000
 -1.2888046765904300e+000
 -1.2830731587325188e+000
 -1.3175615953594231e+000
 -1.2431444903824815e+000
 -1.3697241424949438e+000
 -1.3233324660689163e+000
 -1.2488276430215683e+000
 -1.2773483888631034e+000
 -1.2602151057021407e+000
 -1.2716304208658473e+000
 -1.3291097058309360e+000
 -1.3872204092583085e+000
 -1.2545178659809963e+000
 -1.2659193085604965e+000
 -1.0980380219097976e+000
 -1.1035187754295614e+000
 -1.1145055448708603e+000
 -1.1255256526779180e+000
 -1.1200114573807274e+000
 -1.1310480788606951e+000
 -1.1365786839498924e+000
 -1.1587818511032042e+000
 -1.1532190517124152e+000
 -1.1090079669720390e+000
 -1.1421174158893477e+000
 -1.1476642225464135e+000
 -1.2035648756932595e+000
 -9.4820994505783640e-001
 -1.0925657579996786e+000
 -1.0599133350808168e+000
 -1.0707626273875319e+000
 -1.0653335825160319e+000
 -9.5343379304869014e-001
 -1.0545019360993122e+000
 -1.0762004185950869e+000
 -1.0490994365056903e+000
 -9.5866749171926335e-001
 -1.0437058871503193e+000
 -1.0871020352062448e+000
 -9.6391099180800466e-001
 -1.0383213387993351e+000
 -1.0062059019546898e+000
 -1.0115353829680815e+000
 -1.0008857749098319e+000
 -1.0168741677868991e+000
 -1.0816469049561201e+000
 -9.9557505190858187e-001
 -1.0329458421341640e+000
 -1.0222222061604658e+000
 -9.8498201789405904e-001
 -9.9027378293745982e-001
 -9.7969980658646760e-001
 -9.6916424396108358e-001
 -9.7442719873288364e-001
 -1.0275794477510396e+000
 -9.3779199769748767e-001
 -9.4299599691554825e-001
 -9.3259799638568386e-001
 -8.2095736271786823e-001
 -8.2591921295816784e-001
 -8.3089211409397590e-001
 -8.3587601931844857e-001
 -8.4087088172118962e-001
 -8.4587665428864478e-001
 -8.8121857628172329e-001
 -8.8630992544967280e-001
 -8.9141175709276121e-001
 -8.7613775751062162e-001
 -8.5089328990456436e-001
 -8.9652402319058511e-001
 -9.2741404186807752e-001
 -9.0164667562455569e-001
 -8.5592074135048479e-001
 -8.7106751695895701e-001
 -8.6600790234978220e-001
 -9.0677966617832506e-001
 -9.1192294653823058e-001
 -6.3655185165669803e-001
 -6.4104736020127273e-001
 -9.1707646829376244e-001
 -8.1600661007591613e-001
 -6.5007670779598015e-001
 -7.9631550588283928e-001
 -7.9142093810369596e-001
 -6.7746832432002124e-001
 -6.6828753266897922e-001
 -6.7287168277592524e-001
 -6.8207741403592537e-001
 -7.8653774593095138e-001
 -8.0122140319887269e-001
 -6.8669890854113902e-001
 -7.8166597532709792e-001
 -7.7680567214707807e-001
 -6.9133276433639890e-001
 -6.9597893780608255e-001
 -7.7195688213792502e-001
 -7.3834154074315284e-001
 -7.3358648989988684e-001
 -7.4310846679633569e-001
 -7.1939303563169987e-001
 -7.1468593206754749e-001
 -7.4788722319131395e-001
 -7.2411219275631056e-001
 -7.2884335902288844e-001
 -6.6371591714697153e-001
 -7.0999092636891614e-001
 -7.0063738521863228e-001
 -7.6711965093828904e-001
 -8.0613858387560311e-001
 -7.5267776494861294e-001
 -8.1106700163066814e-001
 -7.6229402407804503e-001
 -9.2224018293799226e-001
 -8.6095896130611427e-001
 -7.5748004697783289e-001
 -6.5461046185845351e-001
 -6.4555565972564311e-001
 -6.2759937663992216e-001
 -6.3206917640536753e-001
 -4.9161004936622366e-001
 -6.2314249443182346e-001
 -4.9564629910191416e-001
 -5.8795747710131918e-001
 -5.9230951895102568e-001
 -6.1869857173093423e-001
 -5.8361872593361241e-001
 -5.9667481051966353e-001
 -5.7929330628587494e-001
 -4.9969670838757269e-001
 -6.0105331071943235e-001
 -5.0376123909920156e-001
 -5.7498125887061335e-001
 -5.0783985297986889e-001
 -6.0544497833822453e-001
 -5.7068262427446492e-001
 -6.1426765036515552e-001
 -5.4097112370600542e-001
 -5.4517474279525369e-001
 -5.4939205525388013e-001
 -5.3678123755221518e-001
 -5.1193251164014297e-001
 -5.3260512377067948e-001
 -5.5362302138694752e-001
 -5.2844282166857570e-001
 -5.6639744295780103e-001
 -5.2429437042307048e-001
 -5.1603917655833365e-001
 -6.5915687923964983e-001
 -5.5786760137098790e-001
 -5.2015980908096671e-001
 -7.0530806272697844e-001
 -6.0984977204000246e-001
 -5.6212575525439124e-001
 -4.4044442415397134e-001
 -4.4429319158109581e-001
 -4.4815660191318546e-001
 -4.5203461878635864e-001
 -4.5592720569923367e-001
 -4.5983432601330332e-001
 -4.6375594295326783e-001
 -4.6769201960737145e-001
 -4.7164251892776504e-001
 -4.7958663669759116e-001
 -4.8758799717120921e-001
 -4.8358018037397005e-001
 -4.7560740373084159e-001
 -4.3661033585788650e-001
 -4.2898634087189041e-001
 -4.2519650594193831e-001
 -4.2142149366222914e-001
 -4.1766133956461915e-001
 -4.1391607904111372e-001
 -4.1018574734352675e-001
 -4.0647037958316318e-001
 -4.0277001073048035e-001
 -3.8811921885764783e-001
 -3.8449436414761928e-001
 -3.8088471519189881e-001
 -3.0865350602540237e-001
 -3.2858743129249190e-001
 -3.3196499778796168e-001
 -3.3535826446413969e-001
 -3.2522559676867308e-001
 -3.3876719938230454e-001
 -3.1193620901986407e-001
 -3.7729030596587426e-001
 -3.4219177045626820e-001
 -3.4563194545266024e-001
 -3.9908467561475397e-001
 -3.9175924520346933e-001
 -3.1523480071362647e-001
 -3.2187952585937263e-001
 -3.4908769199124445e-001
 -3.7371117030149620e-001
 -4.3279096278072793e-001
 -3.9541440892376800e-001
 -3.6659885426634498e-001
 -3.5954803486112674e-001
 -3.5255897754521531e-001
 -3.6306574083940429e-001
 -3.0213588957671955e-001
 -3.0538672262827926e-001
 -2.9890103746879176e-001
 -3.7014734188694853e-001
 -2.9568219675215945e-001
 -2.9247939772377640e-001
 -3.5604576944152178e-001
 -2.8929267052960400e-001
 -2.7982921914121783e-001
 -2.7670707771383746e-001
 -2.7360115657575085e-001
 -2.8296755147111619e-001
 -2.7051148496107602e-001
 -2.6134025730278598e-001
 -2.6438100647339330e-001
 -2.5831587305984094e-001
 -2.3760577305755620e-001
 -2.4051481439990557e-001
 -2.4344041668691743e-001
 -2.3471332004087420e-001
 -1.4412921035476464e-001
 -1.4642505139083789e-001
 -2.3183748257473075e-001
 -2.5530788221121614e-001
 -2.2897828772760179e-001
 -2.2613576241131686e-001
 -2.4638255238171142e-001
 -1.4873833898025418e-001
 -2.6743809195097462e-001
 -1.5106905134947329e-001
 -2.2330993338080574e-001
 -2.1217410970959411e-001
 -2.1493288919447148e-001
 -1.5341716656094379e-001
 -2.0943215792288541e-001
 -2.1770847041083286e-001
 -2.0670705964264080e-001
 -1.5578266251330938e-001
 -1.5816551694162087e-001
 -2.0399884051852127e-001
 -1.6056570741754564e-001
 -1.6298321134957491e-001
 -2.4934119379177708e-001
 -1.6787006840133645e-001
 -2.0130752604131841e-001
 -1.7282590410949858e-001
 -1.7532963075335456e-001
 -1.7033937552410816e-001
 -1.7785053188964733e-001
 -1.8551604416940823e-001
 -1.8810540438546314e-001
 -1.8294376256738809e-001
 -1.9597571219501347e-001
 -1.9071181884351060e-001
 -1.9863314154270761e-001
 -2.8612204516434581e-001
 -1.8038858379069445e-001
 -2.5231631306926899e-001
 -1.9333526301097786e-001
 -3.1854925005908380e-001
 -1.2425524712002166e-001
 -1.2639311652815596e-001
 -1.3512074146307446e-001
 -1.2854862103783843e-001
 -1.3072174036063694e-001
 -1.3734658183763851e-001
 -1.3291245404232635e-001
 -1.4185083748136806e-001
 -1.2213503293587111e-001
 -1.2003249393197334e-001
 -1.1383112506781309e-001
 -1.1588052045796579e-001
 -1.1179948301745495e-001
 -1.1794764989822348e-001
 -1.0978561342947876e-001
 -1.0581126729444605e-001
 -1.0385082815544693e-001
 -1.0190823629459737e-001
 -9.9983509996314252e-002
 -9.2463620228019433e-002
 -9.0628490117323365e-002
 -8.8811331738457955e-002
 -9.4316704797602222e-002
 -8.7012162195208603e-002
 -8.5230998422048593e-002
 -8.1722755076316447e-002
 -7.9995708524668113e-002
 -9.8076667376850390e-002
 -7.0013494290159337e-002
 -1.0778953525919424e-001
 -7.1631872096509050e-002
 -6.8413282251833601e-002
 -8.3467857183963226e-002
 -6.6831251043334483e-002
 -7.8286733784640170e-002
 -7.3268400438092018e-002
 -7.4923063911281867e-002
 -6.5267415555343322e-002
 -6.3721790507274473e-002
 -6.2194390447141784e-002
 -5.9194322624888808e-002
 -5.2014075664087563e-002
 -5.0632978622977685e-002
 -4.9270229766685741e-002
 -4.1479754701834959e-002
 -4.0245792600963344e-002
 -4.2732151141152634e-002
 -3.9030276453059704e-002
 -5.6267325039440347e-002
 -3.7833217699025791e-002
 -5.7721683100549315e-002
 -5.4831262130535609e-002
 -3.6654627606032587e-002
 -4.7925841921921696e-002
 -5.3413507890603555e-002
 -4.6599827742575359e-002
 -4.4002970130885943e-002
 -3.5494517267420887e-002
 -2.7892073307609306e-002
 -2.8922529375647755e-002
 -3.4352897602589590e-002
 -2.6880179470449243e-002
 -2.5886857388498170e-002
 -2.9971537975520379e-002
 -3.1039089233558120e-002
 -2.4912116411280973e-002
 -3.3229779356898199e-002
 -2.3955965713431775e-002
 -1.0553757791349096e-002
 -1.1192639884642357e-002
 -9.9336011237629602e-003
 -9.3321757190350518e-003
 -1.1850241390241625e-002
 -8.7494872380120183e-003
 -1.6188599138781627e-002
 -1.6977053362512932e-002
 -1.5418817303485582e-002
 -8.1855411651771525e-003
 -1.4667715102103903e-002
 -2.3530965964090901e-006
 -2.1177836143093112e-005
 -7.6403428086058199e-003
 -4.7631297229614646e-003
 -4.3492991777772660e-003
 -3.9542524570276832e-003
 -5.1957401974489338e-003
 -2.3018414294606639e-002
 -5.8827138051791452e-005
 -3.5779932790433273e-003
 -1.2526556118550376e-002
 -1.3935299604297298e-002
 -2.1199144417239729e-002
 -2.2099470979394409e-002
 -2.0317443082358635e-002
 -1.1530064795195331e-004
 -1.0376260676655750e-003
 -1.2446592239940004e-003
 -1.4705054268106317e-003
 -8.4940790650086422e-004
 -1.7784172553446512e-002
 -5.6471265293471700e-003
 -7.1138972999150504e-003
 -3.2205251853193537e-003
 -1.9059783429468616e-004
 -5.2942347887685354e-004
 -1.8609949114670541e-002
 -1.7151625503663804e-003
 -3.9766022423124288e-004
 -1.9454375273661860e-002
 -6.1172844700357661e-003
 -2.5619755322542925e-003
 -6.8000651208188388e-004
 -1.9786282918533870e-003
 -2.2609001714330493e-003
 -9.6187726384135822e-002
 -6.0685229751415208e-002
 -4.5292199709600162e-002
 -3.2125173101562710e-002
 -1.3221577703838782e-002
 -2.8471798835221087e-004
 -2.8818515404813155e-003
 -6.6062095942079450e-003
 -2.2050082723385267e-001
 -1.6541800598324291e-001
 -1.3958995421556381e-001
 -7.6595846941754947e-002
