 -3.9998494036782963e+000
 -3.9986447691766962e+000
 -3.9962362258002955e+000
 -3.9926252243655633e+000
 -3.9878139400047230e+000
 -3.9818052708555665e+000
 -3.9662109748624497e+000
 -3.9566347414392604e+000
 -3.9458799044111270e+000
 -3.9339529420897121e+000
 -3.9208610388311320e+000
 -3.9066120807083955e+000
 -3.8912146507610594e+000
 -3.8746780238251586e+000
 -3.8570121609464287e+000
 -3.8382277033801193e+000
 -3.8183359661810550e+000
 -3.7973489313879027e+000
 -3.7521401883908156e+000
 -3.7279457122431823e+000
 -3.7027103862105308e+000
 -3.6764494111096693e+000
 -3.6491786055700555e+000
 -3.6209143965051989e+000
 -3.5916738092177676e+000
 -3.5614744571441803e+000
 -3.5303345312449221e+000
 -3.4982727890469159e+000
 -3.4653085433448347e+000
 -3.4314616505676296e+000
 -3.3967524988179538e+000
 -3.3612019955909136e+000
 -3.3248315551803440e+000
 -3.2876630857795770e+000
 -3.2497189762847678e+000
 -3.2110220828086509e+000
 -3.1715957149128760e+000
 -3.1314636215672329e+000
 -3.0906499768441007e+000
 -3.0491793653569426e+000
 -3.0070767674514394e+000
 -2.9643675441582418e+000
 -2.7879840801220985e+000
 -2.7426343879036787e+000
 -2.6968373604988782e+000
 -2.8328591201952733e+000
 -2.6506205843245367e+000
 -2.6040118986384626e+000
 -2.8772324770770674e+000
 -2.5570393787701153e+000
 -2.5097313192090369e+000
 -2.4621162165613573e+000
 -2.4142227523844397e+000
 -2.3660797759102841e+000
 -2.2204444145877633e+000
 -2.1715946246888858e+000
 -2.1226414726044136e+000
 -2.2691614170142591e+000
 -2.0736144458827179e+000
 -2.0245430765714376e+000
 -1.9754569234285644e+000
 -1.9263855541172838e+000
 -1.8773585273955813e+000
 -1.8284053753111240e+000
 -3.7752792408057223e+000
 -1.7795555854122427e+000
 -1.7308385829857615e+000
 -1.5857772476155667e+000
 -1.5378837834386585e+000
 -1.6339202240897255e+000
 -1.4902686807909706e+000
 -1.4429606212298898e+000
 -1.3959881013615461e+000
 -1.3493794156754790e+000
 -1.3031626395011382e+000
 -1.2573656120963272e+000
 -1.2120159198779059e+000
 -1.1671408798047236e+000
 -7.8897791719134880e-001
 -8.2840428508712149e-001
 -8.6853637843277398e-001
 -9.0935002315591018e-001
 -9.5082063464306454e-001
 -9.9292323254856740e-001
 -7.5028102371522898e-001
 -7.1233691422041467e-001
 -6.7516844481965432e-001
 -5.0172721095308126e-001
 -4.6966546875508114e-001
 -4.3852554285581180e-001
 -4.0832619078223370e-001
 -3.7908560349481019e-001
 -3.5082139442995075e-001
 -3.2355058889032490e-001
 -1.0878534923895695e-001
 -1.5059632171156932e-004
 -1.3552308233017783e-003
 -2.9728961378947111e-001
 -1.2532197617484958e-001
 -9.3387919291611818e-002
 -1.4298783905356804e-001
 -3.7637741997016715e-003
 -7.9138961168867289e-002
 -6.6047057910294721e-002
 -7.3747756344444224e-003
 -5.4120095588879834e-002
 -2.7205428775682633e-001
 -1.6177229661988324e-001
 -1.2186059995289185e-002
 -4.3365258560745620e-002
 -1.0356324558417538e+000
 -6.3879800440909740e-001
 -1.8166403381895654e-001
 -3.3789025137567603e-002
 -5.3469145665517492e-001
 -2.4785981160918727e-001
 -1.8194729144440147e-002
 -1.1227675229229497e+000
 -2.0265106861209251e-001
 -2.9210774219164772e+000
 -5.6853834943236314e-001
 -6.0324750118205583e-001
 -2.3177162866677241e+000
 -1.0789225780835194e+000
 -2.2472075919429091e-001
 -1.6822837133322719e+000
 -2.5397163684284178e-002
 -3.9746028363157184e+000
