  -3.9998665996068983e+00
  -3.9987995032337400e+00
  -3.9966658798727237e+00
  -3.9934668679906644e+00
  -3.9172015186900087e+00
  -3.9035356115894650e+00
  -3.8888540087681589e+00
  -3.9298444381634616e+00
  -3.9414576239531263e+00
  -3.8731645440911819e+00
  -3.8564755892023372e+00
  -3.9520348794514195e+00
  -3.9892041745284028e+00
  -3.8387960490572044e+00
  -3.9615705608064880e+00
  -3.8201353571715795e+00
  -3.8005034705879255e+00
  -3.6881605680049661e+00
  -3.7124811363132406e+00
  -3.6629392246050747e+00
  -3.7358879524692346e+00
  -3.7583685269755978e+00
  -3.6368305638132772e+00
  -3.6098485167873808e+00
  -3.9838800739900515e+00
  -3.9700595799333618e+00
  -3.5820074807099465e+00
  -3.5533223111061329e+00
  -3.5238083139170815e+00
  -3.4934812373328956e+00
  -3.4623572633896291e+00
  -3.3302307295107183e+00
  -3.3643721025481308e+00
  -3.2953795669367225e+00
  -3.2598372108411171e+00
  -3.2236226260484919e+00
  -3.4304529993348298e+00
  -3.3977854687662310e+00
  -3.1867551360737680e+00
  -3.1492544128114961e+00
  -3.1111404660392070e+00
  -3.0724336327405855e+00
  -3.9774974072291971e+00
  -3.0331545662539039e+00
  -2.9933242252518424e+00
  -2.9529638625581525e+00
  -2.7866569074073242e+00
  -2.7439747218124211e+00
  -2.7008955633756560e+00
  -2.8289193456386030e+00
  -2.8707394859548194e+00
  -2.6574424184370993e+00
  -2.6136384728899253e+00
  -2.5695070998088529e+00
  -2.5250718469785802e+00
  -2.4803564243291603e+00
  -2.4353846912846571e+00
  -2.3901806440322506e+00
  -2.3447684027182132e+00
  -2.2075253045745966e+00
  -2.1615235160077506e+00
  -2.1154355411132069e+00
  -2.2534163610056601e+00
  -2.0692859716866701e+00
  -2.0230994323896891e+00
  -1.9769005676103177e+00
  -1.9307140283133299e+00
  -1.8845644588867858e+00
  -1.8384764839922365e+00
  -1.7924746954253965e+00
  -1.5196435756708433e+00
  -1.7465836389943374e+00
  -1.4749281530214193e+00
  -1.5646153087153383e+00
  -1.4304929001911590e+00
  -1.3863615271100775e+00
  -1.6098193559677514e+00
  -1.3425575815629063e+00
  -1.2991044366243465e+00
  -1.2560252781875869e+00
  -1.2133430925926776e+00
  -1.1710806543614107e+00
  -9.6684543374609033e-01
  -1.0066757747481621e+00
  -9.2756636725941932e-01
  -8.8885953396079609e-01
  -8.5074558718851512e-01
  -1.0470361374418586e+00
  -8.1324486392623452e-01
  -7.7637737395151385e-01
  -7.4016278915888756e-01
  -7.0462043306327649e-01
  -6.6976927048928547e-01
  -4.1799251929006048e-01
  -4.4667768889387277e-01
  -4.7619168608291773e-01
  -3.9015148321261495e-01
  -3.6316943618671121e-01
  -3.3706077539491092e-01
  -3.1183943199503616e-01
  -5.0651876266710816e-01
  -1.3340039309719335e-04
  -1.1114599123182950e-01
  -9.6464388410523960e-02
  -1.2683545590881828e-01
  -1.2004967662625331e-03
  -2.8751886368675672e-01
  -3.3341201272812557e-03
  -8.2798481309981506e-02
  -7.0155561836524730e-02
  -1.4352441079767111e-01
  -5.8542376046876225e-02
  -6.5331320093406737e-03
  -2.6411204753076473e-01
  -4.7965120548568066e-02
  -1.0795825471598849e-02
  -1.6120395094280832e-01
  -1.1292605140451892e+00
  -6.3562789745186543e-01
  -1.6552315972817824e+00
  -5.3764273661037754e-01
  -3.8429439193539160e-02
  -1.7986464282842851e-01
  -2.4163147302442195e-01
  -1.6119926009980877e-02
  -1.9949652941208068e-01
  -2.9940420066658625e-02
  -2.2991721985777556e+00
  -6.0221453123378110e-01
  -5.6954700066517294e-01
  -1.7008278014222602e+00
  -2.2502592770812187e-02
  -1.0879049861924190e+00
  -2.2008913543757802e-01
  -2.9120950138075670e+00
  -3.7799108645624182e+00
