  -3.9998583923333837e+00
  -3.9987256513139871e+00
  -3.9964608108717337e+00
  -3.9930651538362665e+00
  -3.9885406035438047e+00
  -3.9828897227476348e+00
  -3.9255551365884842e+00
  -3.9378746035630212e+00
  -3.9490964377939908e+00
  -3.9592142831153838e+00
  -3.9682224086722506e+00
  -3.9121450147472450e+00
  -3.8976518336746433e+00
  -3.8820838024622737e+00
  -3.8654497390082145e+00
  -3.8477590650225726e+00
  -3.8290218006908958e+00
  -3.6428415502409695e+00
  -3.6152315575606493e+00
  -3.6695210200305550e+00
  -3.6952548553945297e+00
  -3.7200284804153814e+00
  -3.5867066805824752e+00
  -3.5572830760995142e+00
  -3.8092485589985117e+00
  -3.7438278630490167e+00
  -3.5269774099536644e+00
  -3.4958068475958504e+00
  -3.4637890443634625e+00
  -3.7666395230724983e+00
  -3.3276151078853506e+00
  -3.3628358791877799e+00
  -3.2916423612948313e+00
  -3.2549380147617013e+00
  -3.2175228580174489e+00
  -3.1794180834039278e+00
  -3.4309421354800356e+00
  -3.3972847257834791e+00
  -3.1406452738699286e+00
  -3.1012263907462949e+00
  -3.0611837613068298e+00
  -3.0205400661218009e+00
  -2.9793183262115797e+00
  -2.7653668647301779e+00
  -2.7211776974048969e+00
  -2.8091225201398640e+00
  -2.6765800473774233e+00
  -2.9375418900071710e+00
  -2.6315991752300580e+00
  -2.5862605586062020e+00
  -2.8524198799663334e+00
  -2.5405898777795541e+00
  -3.7884505397194461e+00
  -2.4946130011084264e+00
  -2.4483559703838025e+00
  -2.4018449860788098e+00
  -2.3551063925086164e+00
  -2.2137902431302292e+00
  -2.1664070087575165e+00
  -2.1189295196888569e+00
  -2.2610523844400978e+00
  -2.0713846676779544e+00
  -2.0237993826336322e+00
  -1.9762006173663667e+00
  -1.9286153323220383e+00
  -1.8810704803111389e+00
  -1.8335929912424704e+00
  -1.7862097568697730e+00
  -1.7389476155598920e+00
  -1.5516440296162046e+00
  -1.5981550139212026e+00
  -1.5053869988915671e+00
  -1.6448936074913934e+00
  -1.4594101222204527e+00
  -1.4137394413937963e+00
  -1.3684008247699517e+00
  -1.3234199526225836e+00
  -1.2788223025951020e+00
  -1.2346331352698252e+00
  -1.1908774798601292e+00
  -9.7945993387820418e-01
  -9.3881623869318509e-01
  -8.9877360925370420e-01
  -8.5935472613007280e-01
  -1.0206816737884192e+00
  -8.2058191659607915e-01
  -7.8247714198256157e-01
  -1.1475801200336733e+00
  -7.4506198523829870e-01
  -6.7238489211466446e-01
  -7.0835763870518242e-01
  -4.7302259004635455e-01
  -3.5715844975901667e-01
  -3.8476844243934638e-01
  -4.1329331941752967e-01
  -4.4271692390049028e-01
  -3.3047897996943953e-01
  -3.0474514460547353e-01
  -5.0419315240415863e-01
  -1.4160766661762587e-04
  -1.2743486860147758e-03
  -1.1791619753774683e-01
  -1.3455026099179809e-01
  -1.0234816632536027e-01
  -7.4444863411515544e-02
  -8.7854985252755119e-02
  -3.5391891282763373e-03
  -6.2125396436984899e-02
  -1.5224093497742638e-01
  -6.9348461637349845e-03
  -5.0903562206013865e-02
  -2.7997151958459882e-01
  -1.1459396456205268e-02
  -4.0785716884615596e-02
  -1.7097819930912045e-01
  -6.3716412081221963e-01
  -2.5617213695097030e-01
  -5.3621095563655097e-01
  -1.7110277252379968e-02
  -1.9075144100149249e-01
  -3.1777591327768986e-02
  -1.0624581099928336e+00
  -2.3336047692751108e-01
  -2.8952344201254157e+00
  -5.6905786451994422e-01
  -6.0271527421652937e-01
  -2.3081666629086866e+00
  -1.1047655798745741e+00
  -2.1154946028057708e-01
  -1.6918333370913052e+00
  -2.3884287833397768e-02
  -3.9761157121666089e+00
