 -3.9999623505652000e+000
 -3.9996611635916453e+000
 -3.9990588350021872e+000
 -3.9981554555052932e+000
 -3.9969511611465984e+000
 -3.9954461332883868e+000
 -3.9936405985823309e+000
 -3.9915348289353192e+000
 -3.9891291414685144e+000
 -3.9864238984695874e+000
 -3.9834195073382026e+000
 -3.9801164205245945e+000
 -3.9765151354614989e+000
 -3.9726161944891984e+000
 -3.9684201847738572e+000
 -3.9639277382191058e+000
 -3.9591395313708775e+000
 -3.9540562853155099e+000
 -3.9486787655711497e+000
 -3.9430077819725025e+000
 -3.9370441885488354e+000
 -3.9307888833953806e+000
 -3.9242428085380849e+000
 -3.9174069497917414e+000
 -3.9102823366115431e+000
 -3.9028700419380069e+000
 -3.8951711820354871e+000
 -3.8871869163239201e+000
 -3.8789184472043763e+000
 -3.8703670198778926e+000
 -3.8615339221579692e+000
 -3.8524204842766232e+000
 -3.8430280786840822e+000
 -3.8333581198420950e+000
 -3.8234120640108644e+000
 -3.8131914090298129e+000
 -3.8026976940920294e+000
 -3.7919324995123742e+000
 -3.7808974464895191e+000
 -3.7695941968618807e+000
 -3.7580244528572622e+000
 -3.7461899568365720e+000
 -3.7340924910313924e+000
 -3.7217338772755562e+000
 -3.7091159767308035e+000
 -3.6962406896065989e+000
 -3.6831099548737951e+000
 -3.6697257499727605e+000
 -3.6560900905155029e+000
 -3.6422050299822049e+000
 -3.6280726594119002e+000
 -3.6136951070876027e+000
 -3.5990745382158247e+000
 -3.5842131546004206e+000
 -3.5691131943111531e+000
 -3.5537769313464733e+000
 -3.5382066752911494e+000
 -3.5224047709685209e+000
 -3.5063735980872277e+000
 -3.4901155708829377e+000
 -3.4736331377547378e+000
 -3.4569287808964346e+000
 -3.4400050159227558e+000
 -3.4228643914904211e+000
 -3.4055094889144555e+000
 -3.3879429217793047e+000
 -3.3701673355453843e+000
 -3.2592764778298449e+000
 -3.2782488897275521e+000
 -3.2970288020442338e+000
 -3.3156133865941535e+000
 -3.3339998446072809e+000
 -3.3521854071506469e+000
 -3.2401144235265766e+000
 -3.2207656125526318e+000
 -2.9101671742526833e+000
 -3.2012329587677240e+000
 -3.1815194037177346e+000
 -2.9319529915359221e+000
 -3.1616279161915339e+000
 -3.1415614917739592e+000
 -3.1213231523946652e+000
 -3.1009159458731994e+000
 -2.9535984601266421e+000
 -3.0803429454597762e+000
 -2.9751003202968676e+000
 -3.0596072493725881e+000
 -2.9964553339455708e+000
 -3.0387119803311817e+000
 -3.0176602850862335e+000
 -2.8882442891408835e+000
 -2.7083270508409907e+000
 -2.7312259956095541e+000
 -2.7540148204328379e+000
 -2.7766900933976539e+000
 -2.7992483996912831e+000
 -2.8216863421158043e+000
 -2.8661876377063145e+000
 -2.8440005415996223e+000
 -2.5215882358305537e+000
 -2.5452427108998927e+000
 -2.5688150744225493e+000
 -2.5923017764872514e+000
 -2.6156992800830592e+000
 -2.6390040616320252e+000
 -2.6853214346239986e+000
 -2.6622126115197671e+000
 -2.4978552114914372e+000
 -2.4740472119887347e+000
 -2.4501678227195960e+000
 -2.4262206398321817e+000
 -2.4022092696841795e+000
 -2.3781373282996126e+000
 -2.2082432677441117e+000
 -2.3540084408243054e+000
 -2.2326372618238093e+000
 -2.3298262409799397e+000
 -2.2569962215875932e+000
 -2.2813164786657172e+000
 -2.1838179129942534e+000
 -2.1593648759428552e+000
 -2.1348878391273298e+000
 -1.9631865401883912e+000
 -1.9877282307016899e+000
 -2.0122717692982972e+000
 -2.0368134598116101e+000
 -2.0613496063532790e+000
 -2.1103904886993812e+000
 -2.0858765138698709e+000
 -2.3055943705169057e+000
 -1.9386503936467314e+000
 -1.8406351240571397e+000
 -1.8161820870057357e+000
 -1.7917567322558974e+000
 -1.7673627381761960e+000
 -1.5737793601678267e+000
 -1.5977907303158230e+000
 -1.6218626717003870e+000
 -1.6459915591757046e+000
 -1.7430037784124128e+000
 -1.6701737590200594e+000
 -1.7186835213343019e+000
 -1.8651121608726635e+000
 -1.9141234861301202e+000
 -1.8896095113006328e+000
 -1.2459851795671646e+000
 -1.2687740043904525e+000
 -1.2916729491590209e+000
 -1.5498321772804207e+000
 -1.3609959383679739e+000
 -1.3843007199169306e+000
 -1.4076982235127473e+000
 -1.4311849255774587e+000
 -1.4547572891001026e+000
 -1.5259527880112522e+000
 -1.4784117641694499e+000
 -1.5021447885085641e+000
 -1.6944056294831047e+000
 -1.2007516003087177e+000
 -1.2233099066023447e+000
 -1.3146785653760127e+000
 -1.3377873884802547e+000
 -1.1783136578841875e+000
 -1.1117557108591472e+000
 -1.0898328257473116e+000
 -1.0680470084640641e+000
 -1.0464015398733539e+000
 -1.0248996797031344e+000
 -1.0035446660544340e+000
 -9.4039275062740879e-001
 -9.1965705454021329e-001
 -8.9908405412679615e-001
 -9.6128801966883082e-001
 -1.1559994584003976e+000
 -1.1338123622936922e+000
 -9.8233971491379246e-001
 -8.7867684760532105e-001
 -5.9449051108555584e-001
 -6.1205707822069566e-001
 -6.2983266445459807e-001
 -8.3837208380846406e-001
 -6.6600015539272495e-001
 -6.8438661340584339e-001
 -7.0297119795577412e-001
 -7.2175111027244421e-001
 -7.4072352217014270e-001
 -7.5988557647341992e-001
 -8.1848059628225145e-001
 -7.9876704123225717e-001
 -7.7923438744738294e-001
 -8.5843850822606782e-001
 -5.5999498407723647e-001
 -5.7713560850957069e-001
 -6.4781459284936649e-001
 -5.4307121910354927e-001
 -5.2636686224525908e-001
 -4.9362640191277618e-001
 -4.7759522903147544e-001
 -4.6179332470883866e-001
 -5.0988442911707033e-001
 -4.4622306865353389e-001
 -4.3088680568885268e-001
 -4.1578684539957567e-001
 -4.0092546178419197e-001
 -3.7192734058810567e-001
 -3.5779497001779170e-001
 -3.4390990948448680e-001
 -3.3027425002723859e-001
 -3.1689004512620311e-001
 -3.0375931039340537e-001
 -2.5381004316342137e-001
 -2.6590750896861731e-001
 -2.4197554714273245e-001
 -2.3040580313812434e-001
 -2.1910255351048369e-001
 -3.8630489291240561e-001
 -2.7826612272446360e-001
 -2.0806750048763004e-001
 -1.6664188015791598e-001
 -1.7658793598914127e-001
 -1.5697192131591767e-001
 -1.8680859097017108e-001
 -1.4757951572337794e-001
 -8.2593050208257898e-002
 -7.5757191461916895e-002
 -6.9211116604620607e-002
 -3.7649434798245034e-005
 -3.3883640835329982e-004
 -9.4116499781401737e-004
 -1.3576101530411288e-002
 -1.0870858531489801e-002
 -8.4651710646809972e-003
 -4.5538667116163025e-003
 -6.3594014176690207e-003
 -4.5943714684492029e-002
 -3.1579815226142081e-002
 -4.0860468629119677e-002
 -2.7383805510802949e-002
 -3.6072261780889653e-002
 -3.0488388534108636e-003
 -1.3846607784203285e-001
 -5.1321234428849005e-002
 -2.3484864538501456e-002
 -2.9088402326920021e-001
 -9.7129958061983851e-002
 -8.9717663388458754e-002
 -6.2955811451166063e-002
 -1.6580492661800859e-002
 -1.8445444947100885e-003
 -1.1281308367607970e-001
 -1.0482881796451780e-001
 -1.2108155279562119e-001
 -1.2963298012210625e-001
 -5.6992218027496537e-002
 -1.9883579475405790e-002
 -1.9730230590795686e-001
