  -3.8742830394092009e+00
  -3.8825787613780673e+00
  -3.8905996300692771e+00
  -3.8983444744497331e+00
  -3.9999635000947413e+00
  -3.9996715088461130e+00
  -3.9990875689790677e+00
  -3.9982117657478362e+00
  -3.9970442270181743e+00
  -3.9955851232487616e+00
  -3.9938346674662575e+00
  -3.9917931152341795e+00
  -3.9894607646156839e+00
  -3.9868379561299543e+00
  -3.9839250727025624e+00
  -3.9807225396094670e+00
  -3.9772308244150607e+00
  -3.9734504369037658e+00
  -3.9693819290056935e+00
  -3.9650258947160397e+00
  -3.9603829700083679e+00
  -3.9554538327417013e+00
  -3.9502392025616744e+00
  -3.9058121637853906e+00
  -3.9447398407953469e+00
  -3.9130016078064247e+00
  -3.9199117568662691e+00
  -3.9265416020950372e+00
  -3.9328901755466061e+00
  -3.9389565503401873e+00
  -3.7981762275308526e+00
  -3.8657136753239141e+00
  -3.8568719202346569e+00
  -3.8477590650225770e+00
  -3.8383764401489033e+00
  -3.8287254154608470e+00
  -3.8188073999915169e+00
  -3.7874660826553934e+00
  -3.8086238417541316e+00
  -3.7764949707906412e+00
  -3.7652644937001143e+00
  -3.7537762910142800e+00
  -3.7420320399910394e+00
  -3.7300334552709691e+00
  -3.6925294007795983e+00
  -3.7052803287081688e+00
  -3.5050066703800424e+00
  -3.5208119312000670e+00
  -3.6795313664547908e+00
  -3.7177822886268856e+00
  -3.5363951560805522e+00
  -3.6662881234245628e+00
  -3.5517540698973851e+00
  -3.5668864302753991e+00
  -3.6528016051796484e+00
  -3.5817900279158676e+00
  -3.5964626869190823e+00
  -3.6390737807287330e+00
  -3.6109022651019149e+00
  -3.6251066543105983e+00
  -3.4727393031656302e+00
  -3.4889816811615795e+00
  -3.4562819077515790e+00
  -3.4396118976710386e+00
  -3.3883506704302153e+00
  -3.4056437993682294e+00
  -3.4227317067169256e+00
  -3.3708548446700686e+00
  -3.2617683252312792e+00
  -3.2804256809249699e+00
  -3.2988960966603611e+00
  -3.3171768757883466e+00
  -3.3352653493464248e+00
  -3.3531588764484725e+00
  -3.2429267535212190e+00
  -2.9401283249013059e+00
  -3.2239037166321132e+00
  -3.2047019918947246e+00
  -2.9613889541055909e+00
  -3.1853243827280453e+00
  -3.1657737182298145e+00
  -3.1460528527636296e+00
  -3.1261646655421025e+00
  -3.1061120602065300e+00
  -2.9825092221677658e+00
  -3.0034860455647738e+00
  -3.0858979644029350e+00
  -3.0655253293547906e+00
  -3.0449971294319140e+00
  -2.8971984191674327e+00
  -2.9187304385702970e+00
  -3.0243163617163380e+00
  -2.8755354103306994e+00
  -2.7653668647301899e+00
  -2.7876370130367150e+00
  -2.8097921676871533e+00
  -2.8318290940668618e+00
  -2.7429849741711063e+00
  -2.7204946090772482e+00
  -2.6978990530033453e+00
  -2.5603024592544847e+00
  -2.5834593803599537e+00
  -2.6065311173943235e+00
  -2.6295143019234568e+00
  -2.6524055784417495e+00
  -2.8537445748223047e+00
  -2.5370637349487528e+00
  -2.5137466002567672e+00
  -2.2530638376025958e+00
  -2.2770166440540880e+00
  -2.4668907277118217e+00
  -2.4433588307360559e+00
  -2.4197622041296949e+00
  -2.3961042929598433e+00
  -2.3723885512410310e+00
  -2.3247974339250486e+00
  -2.3486184414309981e+00
  -2.6752016048620217e+00
  -2.4903544594402751e+00
  -2.2050508865008323e+00
  -2.2290740842638677e+00
  -2.3009290065495827e+00
  -2.1809977516592833e+00
  -2.1569181914557118e+00
  -2.1328157214646777e+00
  -2.0604060556017658e+00
  -2.0362471613939279e+00
  -1.9879170248374520e+00
  -2.0120829751625382e+00
  -2.0845561306288944e+00
  -2.1086938606056367e+00
  -1.9637528386060699e+00
  -1.9395939443982175e+00
  -1.5566411692639521e+00
  -1.5802377958703093e+00
  -1.6038957070401667e+00
  -1.6276114487589681e+00
  -1.6513815585690150e+00
  -1.8190022483407229e+00
  -1.7949491134991500e+00
  -1.7709259157361228e+00
  -1.7469361623974053e+00
  -1.6752025660749423e+00
  -1.7229833559459227e+00
  -1.8430818085443117e+00
  -1.8671842785353336e+00
  -1.9154438693711251e+00
  -1.8913061393944193e+00
  -1.5331092722881938e+00
  -1.4862533997432372e+00
  -1.4629362650512510e+00
  -1.4396975407455304e+00
  -1.4165406196400605e+00
  -1.2123629869632937e+00
  -1.3934688826056880e+00
  -1.2346331352698205e+00
  -1.2570150258288888e+00
  -1.2795053909227676e+00
  -1.3704856980765545e+00
  -1.3021009469966554e+00
  -1.3475944215582636e+00
  -1.1902078323128533e+00
  -1.1681709059331600e+00
  -1.6990709934504395e+00
  -1.1244645896693157e+00
  -1.1028015808325606e+00
  -1.0812695614297110e+00
  -1.0598716750987243e+00
  -1.0386110458944084e+00
  -1.0174907778322435e+00
  -9.9651395443522517e-01
  -8.5394714723635845e-01
  -8.7383533445788519e-01
  -8.9388793979347081e-01
  -9.1410203559704661e-01
  -9.3447467064520373e-01
  -9.5500287056810484e-01
  -1.3247983951380102e+00
  -7.9529800810527917e-01
  -8.3422628177018288e-01
  -8.1467561727197213e-01
  -9.7568363828368454e-01
  -7.5707324647876983e-01
  -7.3823167476873719e-01
  -7.1957431907502545e-01
  -7.0110390333963291e-01
  -6.8282312421165259e-01
  -7.7609628336789693e-01
  -6.6473465065356763e-01
  -6.2914515532991699e-01
  -6.1164932956978824e-01
  -5.9435620063176708e-01
  -5.7726829328308193e-01
  -5.6038810232896885e-01
  -5.4371809224842460e-01
  -4.9499332961994530e-01
  -5.2726069683438181e-01
  -4.7918806879993908e-01
  -4.6360484391943602e-01
  -4.4824593010261488e-01
  -4.3311356972460208e-01
  -4.1820997208411931e-01
  -3.7489334568938987e-01
  -3.6092621927128760e-01
  -3.4719839482035109e-01
  -3.3371187657546358e-01
  -3.2046863354520544e-01
  -3.0747059922039882e-01
  -2.6996654472904191e-01
  -2.5796796000896860e-01
  -2.4622370898573398e-01
  -2.3473550629988679e-01
  -2.2350502920936149e-01
  -1.6162355985108007e-01
  -1.7127458453912570e-01
  -1.8119260000847548e-01
  -2.1253391734459670e-01
  -2.0182377246914790e-01
  -2.9471967129181448e-01
  -1.5224093497742655e-01
  -1.4312807976534120e-01
  -6.4684112355153522e-01
  -1.3428632467609139e-01
  -6.1653325337443741e-03
  -3.6499905255153652e-05
  -3.2849115388878093e-04
  -9.1243102093329395e-04
  -4.0353731308091983e-01
  -1.2571696059078974e-01
  -8.6998392193568919e-02
  -8.0088243133713932e-02
  -1.0165552555026576e-01
  -7.3458397904967415e-02
  -6.7109824453387493e-02
  -4.9760797438334906e-02
  -4.4546167258306464e-02
  -5.5260159204646934e-02
  -3.4974105283952464e-02
  -3.9617029991643259e-02
  -3.0618070994294873e-02
  -4.4148767512282141e-03
  -8.2068847658189475e-03
  -1.0539235384317494e-02
  -1.3162043870042772e-02
  -1.6074927297444048e-02
  -1.7882342521675684e-03
  -1.9277460390524206e-02
  -2.9557729818177692e-03
  -5.1101831883842941e-01
  -1.0940036993071928e-01
  -9.4187836214594117e-02
  -2.6549563096224502e-02
  -2.2769175584932196e-02
  -3.8909773489810867e-01
  -2.8221771137311180e-01
  -6.1043449659834784e-02
  -1.5096455405597282e+00
  -1.1462554251777501e+00
  -1.1742123862192903e-01
  -1.9137615824584153e-01
