 -3.8547250513007953e+000
 -3.8592817916863424e+000
 -3.8637685311633341e+000
 -3.8681851008085224e+000
 -3.8725313343405672e+000
 -3.8768070681262086e+000
 -3.8810121411865257e+000
 -3.8851463952029013e+000
 -3.8892096745229554e+000
 -3.8932018261665631e+000
 -3.8971226998314368e+000
 -3.9009721478989716e+000
 -3.9047500254395446e+000
 -3.9084561902181933e+000
 -3.9120905026999844e+000
 -3.9156528260550485e+000
 -3.9191430261639622e+000
 -3.9225609716226355e+000
 -3.9259065337473618e+000
 -3.9291795865796346e+000
 -3.9323800068908001e+000
 -3.9355076741869457e+000
 -3.9385624707130966e+000
 -3.9415442814579129e+000
 -3.9444529941578739e+000
 -3.9472884993016186e+000
 -3.9500506901339887e+000
 -3.9527394626600465e+000
 -3.9553547156490101e+000
 -3.9578963506381339e+000
 -3.9603642719362240e+000
 -3.9627583866274887e+000
 -3.9650786045748960e+000
 -3.9673248384234596e+000
 -3.9694970036038075e+000
 -3.9715950183351389e+000
 -3.9736188036283675e+000
 -3.9755682832891504e+000
 -3.9774433839206629e+000
 -3.9792440349264075e+000
 -3.9809701685129073e+000
 -3.9826217196922351e+000
 -3.9841986262843818e+000
 -3.9857008289197271e+000
 -3.9871282710411959e+000
 -3.9884808989063778e+000
 -3.9897586615896175e+000
 -3.9909615109838659e+000
 -3.9920894018025117e+000
 -3.9931422915811310e+000
 -3.9941201406789704e+000
 -3.9950229122806191e+000
 -3.9958505723971909e+000
 -3.9966030898677789e+000
 -3.9972804363605232e+000
 -3.9978825863737111e+000
 -3.9984095172367264e+000
 -3.9999905876191608e+000
 -3.9999152891039347e+000
 -3.9997646949084253e+000
 -3.9995388107024277e+000
 -3.9992376449903464e+000
 -3.9988612091109168e+000
 -3.7059212098607213e+000
 -3.7122946567503794e+000
 -3.7186036367140169e+000
 -3.7248479122220695e+000
 -3.7310272481811375e+000
 -3.7371414119426789e+000
 -3.7491733045563436e+000
 -3.7550905804145152e+000
 -3.7609417781043244e+000
 -3.7724450602977484e+000
 -3.7780967117093245e+000
 -3.7836814187846968e+000
 -3.7891989712627541e+000
 -3.7946491614108417e+000
 -3.8000317840323139e+000
 -3.8105935186362347e+000
 -3.8157722329753199e+000
 -3.8208825845161343e+000
 -3.8259243808567849e+000
 -3.8308974321765206e+000
 -3.8358015512427759e+000
 -3.8406365534182179e+000
 -3.8454022566677377e+000
 -3.8053466364745314e+000
 -3.8500984815653516e+000
 -3.7667266773314356e+000
 -3.7431901733118904e+000
 -3.6994835360016958e+000
 -3.6929818775481009e+000
 -3.6864164792836851e+000
 -3.6797875883919766e+000
 -3.6730954544470165e+000
 -3.6663403294038202e+000
 -3.6526421256913379e+000
 -3.6595224675890519e+000
 -3.6456995627516449e+000
 -3.6386950401535887e+000
 -3.4860159042702641e+000
 -3.6316288216134578e+000
 -3.6245011731703949e+000
 -3.6173123631763371e+000
 -3.6100626622859182e+000
 -3.5104027537930746e+000
 -3.6027523434462649e+000
 -3.5023302638193767e+000
 -3.5879509551086679e+000
 -3.5729104271981709e+000
 -3.5499062131897463e+000
 -3.5421210485236463e+000
 -3.5184183779567717e+000
 -3.5342778238716561e+000
 -3.5576330247629406e+000
 -3.5263768345267894e+000
 -3.5804604428746174e+000
 -3.5953816818868107e+000
 -3.5653011923331621e+000
 -3.4942012119603598e+000
 -3.4777746489212507e+000
 -3.4694777561919379e+000
 -3.4527183101687036e+000
 -3.0957881183462121e+000
 -3.4611255384556729e+000
 -3.1060334111600603e+000
 -3.4442563878584358e+000
 -3.4185456528777389e+000
 -3.4357400901114823e+000
 -3.4271697375615928e+000
 -3.1162370624411024e+000
 -3.4098681607518082e+000
 -3.1263986880276882e+000
 -3.3923542629829053e+000
 -3.4011375878864971e+000
 -3.1365179053402685e+000
 -3.3835185167283148e+000
 -3.3746306817835050e+000
 -3.1465943333960826e+000
 -3.3567000862597292e+000
 -3.3476580007575238e+000
 -3.1566275928233130e+000
 -3.3385651766932636e+000
 -3.3202286841348538e+000
 -3.3294219564066774e+000
 -3.3109857059992476e+000
 -3.1666173058754019e+000
 -3.1765630964452702e+000
 -3.2923520259666317e+000
 -3.2829620256171714e+000
 -3.1864645900795923e+000
 -3.2545036309902819e+000
 -3.2640374718796337e+000
 -3.1963214139926746e+000
 -3.3656910927704975e+000
 -3.2735237224725529e+000
 -3.2256201648587943e+000
 -3.2158995699355435e+000
 -3.2449225587482804e+000
 -3.2061331970806819e+000
 -3.2352946158756186e+000
 -3.3016933699927491e+000
 -3.0229377008759513e+000
 -3.0334635980353077e+000
 -3.0439505858742972e+000
 -3.0543982695638130e+000
 -3.0751741525913032e+000
 -3.0855015697290513e+000
 -3.0648062557543962e+000
 -2.8717141598445082e+000
 -2.8827425374634172e+000
 -3.0017707652224805e+000
 -3.0123732906903093e+000
 -2.9265195671037150e+000
 -2.9156266071977579e+000
 -2.9804529665765793e+000
 -2.9482004293011199e+000
 -2.8937376803247461e+000
 -2.9373776440716477e+000
 -2.9911305236515418e+000
 -2.9589875153203149e+000
 -2.9697384960016127e+000
 -2.5275093579496852e+000
 -2.8606529626801631e+000
 -2.8495593624182241e+000
 -2.5393366511458306e+000
 -2.9046991744675426e+000
 -2.8160883257299587e+000
 -2.8384337767264451e+000
 -2.8272766244768750e+000
 -2.8048693017188366e+000
 -2.7936199748334181e+000
 -2.7823407686045036e+000
 -2.5629298758515078e+000
 -2.7710321076878355e+000
 -2.5864383253885421e+000
 -2.5746949190894712e+000
 -2.5981596526160788e+000
 -2.7596944178481020e+000
 -2.7483281259429004e+000
 -2.7369336599067391e+000
 -2.6098584594707983e+000
 -2.7255114487347836e+000
 -2.6564196871582064e+000
 -2.6679993028840219e+000
 -2.6215343054992348e+000
 -2.6331867511123161e+000
 -2.6448153576021407e+000
 -2.6795537688136495e+000
 -2.7140619224668718e+000
 -2.7025855121711588e+000
 -2.6910826499280005e+000
 -2.4322135941524410e+000
 -2.4441872419464068e+000
 -2.4561441663417756e+000
 -2.4680839171670859e+000
 -2.4919101006716020e+000
 -2.5037956363084333e+000
 -2.5156622043243178e+000
 -2.5511436386219213e+000
 -2.2752402431729846e+000
 -2.2873900663006084e+000
 -2.2995290693546360e+000
 -2.3116567953085223e+000
 -2.3237727875602250e+000
 -2.3600458028114111e+000
 -2.3721103033268869e+000
 -2.3841607940997727e+000
 -2.4202236737609519e+000
 -2.3479677467749096e+000
 -2.3961968214359115e+000
 -2.3358765899494642e+000
 -2.4800060448974968e+000
 -2.4082179321856549e+000
 -2.0429481605509485e+000
 -2.0552162915579282e+000
 -2.0674823437027654e+000
 -2.0797458551754948e+000
 -2.2265419043551331e+000
 -2.2387304296219890e+000
 -2.0920063642618265e+000
 -2.2021397255096571e+000
 -2.1777071051650569e+000
 -2.1654805290987413e+000
 -2.1532477227840632e+000
 -2.1410091467792367e+000
 -2.1287652618597139e+000
 -2.2509099668230821e+000
 -2.1042634093605783e+000
 -2.2630800574057677e+000
 -2.1165165290009007e+000
 -2.2143448499136129e+000
 -2.1899269906592527e+000
 -2.0306784125699733e+000
 -2.0184075095641067e+000
 -2.0061359135259322e+000
 -1.9938640864740695e+000
 -1.6158392059002185e+000
 -1.9815924904358819e+000
 -1.6278896966731142e+000
 -1.6399541971886065e+000
 -1.6520322532250729e+000
 -1.9693215874300165e+000
 -1.9447837084420629e+000
 -1.9325176562972415e+000
 -1.9202541448245174e+000
 -1.9079936357381706e+000
 -1.6762272124397770e+000
 -1.6883432046914626e+000
 -1.9570518394490721e+000
 -1.8957365906394359e+000
 -1.8712347381402901e+000
 -1.8589908532207708e+000
 -1.7004709306453574e+000
 -1.8467522772159448e+000
 -1.7126099336994027e+000
 -1.8345194709012502e+000
 -1.7247597568270261e+000
 -1.7612695703780177e+000
 -1.7490900331769137e+000
 -1.8834834709991612e+000
 -1.7734580956448749e+000
 -1.7856551500863849e+000
 -1.7369199425942616e+000
 -1.8222928948349562e+000
 -1.8100730093407369e+000
 -1.7978602744903351e+000
 -1.5438558336582322e+000
 -1.6038031785640974e+000
 -1.5319160828329168e+000
 -1.5797763262390565e+000
 -1.5558127580535972e+000
 -1.5677864058475548e+000
 -1.6641234100505355e+000
 -1.5917820678143659e+000
 -1.5080898993284091e+000
 -1.4962043636915703e+000
 -1.4843377956756862e+000
 -1.4724906420503454e+000
 -1.5199939551025250e+000
 -1.4606633488541758e+000
 -1.4370701241484849e+000
 -1.4253050809105430e+000
 -1.4135616746114830e+000
 -1.4018403473839272e+000
 -1.1951306982811563e+000
 -1.3901415405291933e+000
 -1.2063800251665828e+000
 -1.2176592313954948e+000
 -1.3320006971159846e+000
 -1.4488563613781058e+000
 -1.3204462311863432e+000
 -1.2859380775331350e+000
 -1.2744885512652053e+000
 -1.2516718740570867e+000
 -1.3668132488876750e+000
 -1.2630663400932625e+000
 -1.3435803128418107e+000
 -1.3551846423978582e+000
 -1.2289678923121652e+000
 -1.3784656945007729e+000
 -1.3089173500720164e+000
 -1.2974144878288654e+000
 -1.2403055821519067e+000
 -1.1839116742700440e+000
 -1.1727233755231412e+000
 -1.1282858401554841e+000
 -1.1393470373198344e+000
 -1.1615662232735584e+000
 -1.1172574625365719e+000
 -1.1504406375817993e+000
 -1.1062623196752583e+000
 -1.0843733928022434e+000
 -1.0734804328962773e+000
 -1.0626223559283410e+000
 -1.0517995706988994e+000
 -1.0953008255324814e+000
 -6.9830663000723669e-001
 -7.0764797403336555e-001
 -7.1703797438282912e-001
 -1.0410124846796942e+000
 -7.3596252812038265e-001
 -1.0195470334234142e+000
 -1.0088694763484514e+000
 -9.9822923477752024e-001
 -9.8762670930970753e-001
 -7.4549636900970984e-001
 -7.5507744125169718e-001
 -9.3519374424560908e-001
 -9.2482584740871299e-001
 -9.1449843027096811e-001
 -9.4560173043620277e-001
 -8.9396658883994307e-001
 -8.8376293755888458e-001
 -8.7360131197232516e-001
 -7.6470538412439537e-001
 -8.0367858600732178e-001
 -8.1353540992040019e-001
 -8.2343690355470134e-001
 -1.0302615039984295e+000
 -8.6348209465973780e-001
 -9.5604941412569078e-001
 -8.3338269412460453e-001
 -7.7437983514118414e-001
 -7.9386680291929912e-001
 -8.5340566660391848e-001
 -7.8410043006446006e-001
 -9.7706229912405695e-001
 -9.6653640196470492e-001
 -6.4329991374028006e-001
 -6.5234199924248570e-001
 -6.6143482330672465e-001
 -6.7977131586515849e-001
 -6.8901429400077152e-001
 -7.2647627752742783e-001
 -8.4337240717668527e-001
 -9.0421188165380895e-001
 -5.3887446154434515e-001
 -5.4728168983130521e-001
 -5.7283026243841584e-001
 -5.8145434712227106e-001
 -5.9013183924819335e-001
 -5.6425990988854557e-001
 -5.9886241211350333e-001
 -6.3430890722950861e-001
 -6.1648148327168217e-001
 -6.2536931821648312e-001
 -6.0764573701708247e-001
 -6.7057804359331163e-001
 -5.3052224380807478e-001
 -5.2222535107876833e-001
 -3.8268763682364848e-001
 -3.8993733771407119e-001
 -5.1398409572975545e-001
 -4.3469880766684610e-001
 -4.4236697523704582e-001
 -4.2708957280183280e-001
 -4.7362316547323635e-001
 -4.8959724620692741e-001
 -4.5009378681025042e-001
 -5.5574361214157264e-001
 -5.0579878803963541e-001
 -3.9724765655371835e-001
 -4.0461831811321891e-001
 -4.6572217612836170e-001
 -4.1953955712538271e-001
 -4.9766973618062910e-001
 -4.8158162204322186e-001
 -3.7549882682959301e-001
 -4.5787895147637719e-001
 -3.6130495984640859e-001
 -3.5430043724835009e-001
 -3.4047753241095352e-001
 -3.0701812245189541e-001
 -3.0051646399829479e-001
 -3.1358352071631190e-001
 -3.2021241160800201e-001
 -3.4735787430867326e-001
 -2.9407879013927479e-001
 -3.3365967059617346e-001
 -2.8139636328598461e-001
 -2.7515208777792260e-001
 -2.6897275181886210e-001
 -2.6285858805731938e-001
 -2.5680982668809843e-001
 -2.4490941958547721e-001
 -2.3905822189567888e-001
 -2.2755493970223753e-001
 -1.9465336352548374e-001
 -2.3327332266853512e-001
 -1.9996821596768063e-001
 -1.8940648136376248e-001
 -2.2190328829067035e-001
 -1.7407561914320388e-001
 -1.6910256782346511e-001
 -2.1080102873723580e-001
 -1.7911741548386659e-001
 -2.0535083858916348e-001
 -1.6419844875722017e-001
 -1.5936344658177848e-001
 -1.4527494869919802e-001
 -1.4990151843464480e-001
 -2.1631858121531672e-001
 -1.8422776702466803e-001
 -1.5459774333224319e-001
 -1.3623146883666404e-001
 -1.3181489919148351e-001
 -1.4071820831363660e-001
 -1.2746866565944279e-001
 -1.1898785881346509e-001
 -1.1079032547703963e-001
 -1.1485360479710774e-001
 -1.0679817383343278e-001
 -9.1543809781788402e-002
 -9.5249974560468104e-002
 -1.0287730016853922e-001
 -8.7909497300007231e-002
 -8.4347173944934101e-002
 -9.9027852101036207e-002
 -6.4492325813048992e-002
 -6.7619993109174908e-002
 -6.1437529286902798e-002
 -5.2711500698376261e-002
 -5.5547005842127690e-002
 -7.0820413420374942e-002
 -4.9949309866011662e-002
 -8.0856973836030896e-002
 -7.4093466252632051e-002
 -7.7439028377358735e-002
 -3.7241613372491010e-002
 -3.9635728063765301e-002
 -4.4645284350979766e-002
 -4.7260537339957491e-002
 -3.4921395425117761e-002
 -3.2675161576538929e-002
 -3.0502996396191490e-002
 -2.4431716710855866e-002
 -2.0755965073598073e-002
 -1.9029831487086001e-002
 -1.5801373715616695e-002
 -1.4299171080269405e-002
 -1.2871728958809293e-002
 -1.1519101093624222e-002
 -1.0241338410388642e-002
 -2.2556616079353015e-002
 -6.8577084188899936e-003
 -5.8798593210342507e-003
 -9.4123808475129678e-006
 -4.9770877193924873e-003
 -8.4710896072571741e-005
 -1.5904827632724791e-003
 -1.1387908890763633e-003
 -7.9105981974957988e-003
 -4.1494276028078763e-003
 -2.6381196371629008e-002
 -2.7195636394694188e-003
 -4.6118929756930018e-004
 -7.6235500964239456e-004
 -2.3530509157511666e-004
 -3.3969101322145626e-003
 -2.1174136262867255e-003
 -4.1204904489132926e-001
 -3.6837117838653277e-001
 -2.5082669544364755e-001
 -3.2690454555297899e-001
 -2.8770534324961000e-001
 -1.2319293187378369e-001
 -5.8455718542099626e-002
 -1.7378280307769108e-002
 -2.8404981664865186e-002
 -9.0384890161462322e-003
 -4.2103649361875661e-002
