  -3.9994664162232811e+00
  -3.9951994541274352e+00
  -3.9866746358479110e+00
  -3.9739101537764951e+00
  -3.9569332479612158e+00
  -3.9357801479746488e+00
  -3.9104959955981649e+00
  -3.8811347484871392e+00
  -3.8477590650225726e+00
  -3.8104401705949633e+00
  -3.7692577056057117e+00
  -3.7242995555105014e+00
  -3.6756616632673209e+00
  -3.6234478245893218e+00
  -3.5677694664395854e+00
  -3.5087454092403294e+00
  -3.4465016133041426e+00
  -3.3811709100283420e+00
  -3.3128927184260881e+00
  -3.2418127475991465e+00
  -3.1680826857873554e+00
  -3.0918598766582677e+00
  -3.0133069835278459e+00
  -2.9325916422286995e+00
  -2.8498861033668508e+00
  -2.7653668647301837e+00
  -2.6792142946333226e+00
  -2.5916122470025442e+00
  -2.5027476690222072e+00
  -2.4128102021800828e+00
  -2.3219917775628280e+00
  -2.2304862062653905e+00
  -2.1384887657883849e+00
  -2.0461957833060027e+00
  -1.9538042166940006e+00
  -1.8615112342116209e+00
  -1.7695137937346070e+00
  -1.6780082224371780e+00
  -1.5871897978199283e+00
  -1.4972523309777988e+00
  -1.4083877529974578e+00
  -1.3207857053666778e+00
  -1.2346331352698183e+00
  -1.1501138966331548e+00
  -1.0674083577713054e+00
  -9.8669301647216001e-01
  -9.0814012334173144e-01
  -8.3191731421265003e-01
  -7.5818725240085705e-01
  -5.3358377672512933e-04
  -4.8005458725658614e-03
  -1.3325364152100639e-02
  -2.6089846223508135e-02
  -4.3066752038781790e-02
  -6.4219852025354712e-02
  -8.9504004401839463e-02
  -1.1886525151286458e-01
  -1.5224093497742591e-01
  -1.8955982940503555e-01
  -2.3074229439428795e-01
  -2.7570044448949821e-01
  -3.2433833673268281e-01
  -3.7655217541067781e-01
  -6.8710728157391432e-01
  -4.3223053356041236e-01
  -4.9125459075967087e-01
  -6.1882908997165675e-01
  -5.5349838669586027e-01
