  -3.9994964698850115e+00
  -3.9954697500929122e+00
  -3.9874244197864863e+00
  -3.9753766811902773e+00
  -3.9593507968464690e+00
  -3.9393790407533706e+00
  -3.9155016333698596e+00
  -3.8877666606167263e+00
  -3.8562299770380788e+00
  -3.8209550933176266e+00
  -3.7820130483767382e+00
  -3.7394822663113931e+00
  -3.6934483984565731e+00
  -3.6440041508958259e+00
  -3.5912490977635665e+00
  -3.5352894807160307e+00
  -3.4762379949746900e+00
  -3.4142135623731007e+00
  -3.3493410918641491e+00
  -3.2817512279700489e+00
  -3.2115800876816420e+00
  -3.1389689863368995e+00
  -3.0640641530306731e+00
  -2.9870164361286897e+00
  -2.9079809994790877e+00
  -2.8271170099330405e+00
  -2.7445873168038872e+00
  -2.6605581239103331e+00
  -2.5751986548640287e+00
  -2.4886808122757875e+00
  -2.4011788315665425e+00
  -2.3128689300804632e+00
  -2.2239289522066201e+00
  -2.1345380112240750e+00
  -2.0448761285916106e+00
  -1.9551238714083903e+00
  -1.8654619887759176e+00
  -1.7760710477933792e+00
  -1.6871310699195363e+00
  -1.5988211684334539e+00
  -1.5113191877242127e+00
  -1.4248013451359602e+00
  -1.3394418760896649e+00
  -1.2554126831961099e+00
  -1.1728829900669582e+00
  -1.0920190005209061e+00
  -1.0129835638713047e+00
  -9.3593584696932730e-01
  -8.6103101366309531e-01
  -7.8841991231835806e-01
  -7.1824877202995197e-01
  -6.5065890813584959e-01
  -5.0353011498676346e-04
  -4.5302499070881061e-03
  -1.2575580213515253e-02
  -2.4623318809724917e-02
  -4.0649203153529274e-02
  -6.0620959246626506e-02
  -8.4498366630138641e-02
  -1.1223333938326545e-01
  -1.4377002296192237e-01
  -1.7904490668236792e-01
  -2.1798695162326415e-01
  -2.6051773368860875e-01
  -3.0655160154343142e-01
  -3.5599584910418036e-01
  -4.0875090223643845e-01
  -4.6471051928397711e-01
  -5.2376200502531856e-01
  -5.8578643762690485e-01
