  -3.9995240541598154e+00
  -3.9957178464772052e+00
  -3.9881126764446457e+00
  -3.9767230209355224e+00
  -3.9615705608064569e+00
  -3.9426841396265284e+00
  -3.9200997087718510e+00
  -3.8938602589902076e+00
  -3.8640157385655982e+00
  -3.8306229582388895e+00
  -3.7937454830653845e+00
  -3.7534535114150138e+00
  -3.7098237413458945e+00
  -3.6629392246050911e+00
  -3.6128892085349626e+00
  -3.5597689661857617e+00
  -3.5036796149579512e+00
  -3.4447279241195052e+00
  -3.3830261115645386e+00
  -3.3186916302001337e+00
  -3.2518469443681157e+00
  -3.1826192967271671e+00
  -3.1111404660392061e+00
  -3.0375465163210453e+00
  -2.9619775378387727e+00
  -2.8845773804380070e+00
  -2.8054933797174741e+00
  -2.7248760765674063e+00
  -2.6428789306063241e+00
  -2.5596580280619876e+00
  -2.4753717846523551e+00
  -2.3901806440322626e+00
  -2.3042467723798308e+00
  -2.2177337497039291e+00
  -2.1308062584602907e+00
  -2.0436297700691255e+00
  -1.9563702299308814e+00
  -1.8691937415397102e+00
  -1.7822662502960647e+00
  -1.6957532276201672e+00
  -1.6098193559677494e+00
  -1.5246282153476534e+00
  -1.4403419719380188e+00
  -1.3571210693936737e+00
  -1.2751239234325986e+00
  -1.1945066202825227e+00
  -1.1154226195619970e+00
  -1.0380224621612240e+00
  -9.6245348367895578e-01
  -8.8885953396079853e-01
  -8.1738070327283774e-01
  -7.4815305563188295e-01
  -4.7594584018191598e-04
  -4.2821535227935848e-03
  -1.1887323555361439e-02
  -2.3276979064479050e-02
  -3.8429439193539347e-02
  -5.7315860373476878e-02
  -7.9900291228142545e-02
  -1.0613974100978896e-01
  -1.3598426143440318e-01
  -1.6937704176110599e-01
  -2.0625451693462343e-01
  -2.4654648858498518e-01
  -2.9017625865410690e-01
  -3.3706077539490942e-01
  -3.8711079146503491e-01
  -4.4023103381423578e-01
  -6.8130836979986253e-01
  -4.9632038504204579e-01
  -6.1697388843546064e-01
  -5.5527207588048910e-01
