 -2.3530965966178126e-006
 -3.9465864921093976e+000
 -3.9479859243359021e+000
 -3.9493670213770846e+000
 -3.9507297702333077e+000
 -3.9520741580780756e+000
 -3.9534001722574148e+000
 -3.9547078002904059e+000
 -3.9559970298690836e+000
 -3.9572678488588684e+000
 -3.9585202452981649e+000
 -3.9597542073990439e+000
 -3.9609697235469610e+000
 -3.9621667823009603e+000
 -3.9633453723939751e+000
 -3.9645054827325863e+000
 -3.9656471023974351e+000
 -3.9667702206431099e+000
 -3.9678748268984680e+000
 -3.9999976469034038e+000
 -3.9999788221638535e+000
 -3.9999411728619543e+000
 -3.9998846993520525e+000
 -3.9998094021657038e+000
 -3.9997152820116391e+000
 -3.9996023397757718e+000
 -3.9994705765211278e+000
 -3.9993199934879309e+000
 -3.9991505920935064e+000
 -3.9689609107664654e+000
 -3.9989623739323341e+000
 -3.9987553407760101e+000
 -3.9985294945731806e+000
 -3.9982848374496411e+000
 -3.9700284620244992e+000
 -3.9980213717081616e+000
 -3.9977390998285722e+000
 -3.9974380244677583e+000
 -3.9710774706243792e+000
 -3.9721079266924102e+000
 -3.9971181484595215e+000
 -3.9967794748146930e+000
 -3.9960457475429680e+000
 -3.9964220067209695e+000
 -3.9956507008222295e+000
 -3.9952368702770307e+000
 -3.9741131426115039e+000
 -3.9750878835887065e+000
 -3.9948042598025473e+000
 -3.9760440342865824e+000
 -3.9769815857053978e+000
 -3.9943528734706542e+000
 -3.9938827155299479e+000
 -3.9933937904057792e+000
 -3.9779005290206206e+000
 -3.9928861027000919e+000
 -3.9918144588348121e+000
 -3.9923596571913844e+000
 -3.9912505127619826e+000
 -3.9788008555827910e+000
 -3.9906678242809583e+000
 -3.9813900508853299e+000
 -3.9894462422086554e+000
 -3.9822158274465500e+000
 -3.9881497586097501e+000
 -3.9888073601153464e+000
 -3.9805456247263455e+000
 -3.9874734438814512e+000
 -3.9830229466375013e+000
 -3.9867784222961813e+000
 -3.9845811826965303e+000
 -3.9838114008612164e+000
 -3.9860647003957062e+000
 -3.9796825569176457e+000
 -3.9853322848979009e+000
 -3.9731198205295435e+000
 -3.9900663988762441e+000
 -3.8799675060680467e+000
 -3.8820523501017865e+000
 -3.8841194795420453e+000
 -3.8861688749321868e+000
 -3.8882005169825371e+000
 -3.8902143865705163e+000
 -3.8922104647407894e+000
 -3.8941887327055311e+000
 -3.8961491718445460e+000
 -3.8980917637053931e+000
 -3.9019233326231597e+000
 -3.9038122736158645e+000
 -3.9056832952024134e+000
 -3.9075363797719991e+000
 -3.9093715098826838e+000
 -3.9111886682615591e+000
 -3.9147690015779770e+000
 -3.9165321428160409e+000
 -3.9182772449237011e+000
 -3.9451687378694609e+000
 -3.9408056773751121e+000
 -3.9422783168994568e+000
 -3.9393147702485889e+000
 -3.9437326749605623e+000
 -3.9200042914753563e+000
 -3.9315867177481643e+000
 -3.9283681279034703e+000
 -3.9267315995619119e+000
 -3.9331687489566827e+000
 -3.9362782094927615e+000
 -3.9347325844446650e+000
 -3.9250769360887223e+000
 -3.9000164900036749e+000
 -3.9217132662153489e+000
 -3.9234041530582746e+000
 -3.9129878378047906e+000
 -3.9299865057098491e+000
 -3.9378056095528660e+000
 -3.8196114162092969e+000
 -3.8221494681103598e+000
 -3.8246703692466464e+000
 -3.8271740958905145e+000
 -3.8296606244759017e+000
 -3.8321299315986557e+000
 -3.8345819940167525e+000
 -3.8370167886504216e+000
 -3.8394342925824603e+000
 -3.8418344830583799e+000
 -3.8442173374866764e+000
 -3.8465828334390699e+000
 -3.8489309486505170e+000
 -3.8512616610197430e+000
 -3.8535749486091597e+000
 -3.8581491625186146e+000
 -3.8604100457844148e+000
 -3.8626534181623886e+000
 -3.8558707896452469e+000
 -3.8670875459576641e+000
 -3.8757447528799931e+000
 -3.8714513789621439e+000
 -3.8778649670641383e+000
 -3.8736068834718353e+000
 -3.8692782596393513e+000
 -3.8648792585369098e+000
 -3.7386597426972350e+000
 -3.7416841269401480e+000
 -3.7446921177887988e+000
 -3.7476836869307464e+000
 -3.7506588062082322e+000
 -3.7536174476183111e+000
 -3.8170562374326305e+000
 -3.7565595833131216e+000
 -3.7594851856001283e+000
 -3.8118945956145267e+000
 -3.8092881811564792e+000
 -3.7623942269424440e+000
 -3.8066647369890201e+000
 -3.8040242878050123e+000
 -3.7681625174252775e+000
 -3.7766900666191985e+000
 -3.7932929403573881e+000
 -3.7960011594814880e+000
 -3.7905678420771332e+000
 -3.7794991727661720e+000
 -3.7652866799591402e+000
 -3.8013668584572873e+000
 -3.7738642375886915e+000
 -3.7822915295891715e+000
 -3.7986924739586758e+000
 -3.7878258902904030e+000
 -3.7710217122724083e+000
 -3.7850671108055196e+000
 -3.8144839558305796e+000
 -3.7043178032478457e+000
 -3.7075206022762353e+000
 -3.7107073294703912e+000
 -3.7138779548356644e+000
 -3.7170324485289008e+000
 -3.7201707808587630e+000
 -3.7232929222861451e+000
 -3.7356189935265993e+000
 -3.7325619080490227e+000
 -3.7263988434242377e+000
 -3.7294885150389230e+000
 -3.6191152848080983e+000
 -3.6262888296985136e+000
 -3.6298526581130410e+000
 -3.6334011457336426e+000
 -3.6369342591606255e+000
 -3.6946132773717046e+000
 -3.6913464939745837e+000
 -3.6404519651388694e+000
 -3.6880637909801508e+000
 -3.6439542305584887e+000
 -3.6747744032313152e+000
 -3.6714125687075172e+000
 -3.6578082295437304e+000
 -3.6612328006177051e+000
 -3.6474410224547742e+000
 -3.7010989625312112e+000
 -3.6781204741406248e+000
 -3.6509123080087513e+000
 -3.6847651992863679e+000
 -3.6814507499408906e+000
 -3.6646417355358607e+000
 -3.6543680545473021e+000
 -3.6978641104232932e+000
 -3.6680350022120587e+000
 -3.4962387609008165e+000
 -3.5003032916124379e+000
 -3.5043537008980805e+000
 -3.5083899506337688e+000
 -3.6227096940341394e+000
 -3.6155056358523630e+000
 -3.6118807811423430e+000
 -3.5204133633024104e+000
 -3.5164198196260426e+000
 -3.5243925962691800e+000
 -3.6045855910762361e+000
 -3.6082407547965509e+000
 -3.6009153243852650e+000
 -3.5323079803926305e+000
 -3.5362440570467375e+000
 -3.5898142526564842e+000
 -3.5860839209588971e+000
 -3.5972299892695228e+000
 -3.5785785063377502e+000
 -3.5748034940580675e+000
 -3.5124120028288091e+000
 -3.5935296204168501e+000
 -3.5440727943007775e+000
 -3.5479653812136407e+000
 -3.5595555758460335e+000
 -3.5633896641421057e+000
 -3.5710136591281083e+000
 -3.5518433980868123e+000
 -3.5401656739867136e+000
 -3.5557068084188965e+000
 -3.5672090372192513e+000
 -3.5283574810722684e+000
 -3.5823386604353793e+000
 -3.3408431207603342e+000
 -3.3453895381415490e+000
 -3.3499232922040272e+000
 -3.4921601470201322e+000
 -3.4839608234416537e+000
 -3.4880674883598579e+000
 -3.4798401909190435e+000
 -3.3544443402743536e+000
 -3.4757056295769391e+000
 -3.4715571783314294e+000
 -3.3589526397987415e+000
 -3.4673948762293256e+000
 -3.4632187624478012e+000
 -3.4590288762940147e+000
 -3.3634481483433243e+000
 -3.3679308235946435e+000
 -3.4506079447461313e+000
 -3.4463769786130602e+000
 -3.4378742447456370e+000
 -3.4336025570422009e+000
 -3.3768575055681822e+000
 -3.4421323986290266e+000
 -3.4293173757255513e+000
 -3.4250187411294042e+000
 -3.3857323496348535e+000
 -3.3945550216617715e+000
 -3.4076904810489750e+000
 -3.4033251894803347e+000
 -3.4548252572047646e+000
 -3.4163812740663992e+000
 -3.3989466892805709e+000
 -3.3724006233600781e+000
 -3.4120425228986724e+000
 -3.3813014282690825e+000
 -3.3901502279600133e+000
 -3.4207066937141235e+000
 -3.3179225859640766e+000
 -3.3225316756799752e+000
 -3.3271283172240835e+000
 -3.3317124673310188e+000
 -3.3362840828530405e+000
 -3.2134622540690545e+000
 -3.2183340246729180e+000
 -3.3133010914588521e+000
 -3.3040210621939248e+000
 -3.2993626147813546e+000
 -3.2280431178620610e+000
 -3.2946919372730359e+000
 -3.2328803490616940e+000
 -3.2900090736310932e+000
 -3.2853140679324548e+000
 -3.2377059759219531e+000
 -3.2425199530221542e+000
 -3.2711566409771118e+000
 -3.2616584592568385e+000
 -3.2758878072436759e+000
 -3.2664135101001124e+000
 -3.2473222350513851e+000
 -3.2568915332036594e+000
 -3.3086672356635889e+000
 -3.2806069643683000e+000
 -3.2521127768086653e+000
 -3.1591291182788139e+000
 -3.1641239806815480e+000
 -3.1740807870418428e+000
 -3.1889329983693266e+000
 -3.1790426372821292e+000
 -3.1938614161243892e+000
 -3.2085790618962995e+000
 -3.1839933899240629e+000
 -3.1691078859060231e+000
 -3.2036844941171592e+000
 -3.1987785968011253e+000
 -3.2231943278528905e+000
 -3.1541233457113709e+000
 -3.1491067100954226e+000
 -3.0203001934135330e+000
 -3.0308357560389294e+000
 -3.1390410386938905e+000
 -3.1440792586495165e+000
 -3.1339920976502040e+000
 -3.1289324830410381e+000
 -3.1238622424893707e+000
 -3.0360890081919711e+000
 -3.0413325082807412e+000
 -3.1085882429072411e+000
 -3.1136900745503202e+000
 -3.0622080023025062e+000
 -3.0570040030844501e+000
 -3.1034759768094156e+000
 -3.1187814237182674e+000
 -3.0674020036142968e+000
 -3.0880770534617628e+000
 -3.0829235317062378e+000
 -3.0777598170620015e+000
 -3.0465662069513173e+000
 -3.0983533243754495e+000
 -3.0517900549421757e+000
 -3.0932203338216855e+000
 -3.0725859581319401e+000
 -3.0255728012671121e+000
 -3.0150179821059422e+000
 -3.0097262170625250e+000
 -2.9991142250901599e+000
 -3.0044249480914096e+000
 -2.9937940980453162e+000
 -2.9884646170319207e+000
 -2.9831258322130969e+000
 -2.9777777938395236e+000
 -2.9724205522489808e+000
 -2.7454821340190385e+000
 -2.7511723569784441e+000
 -2.9670541578658365e+000
 -2.9562941128497036e+000
 -2.9509005634943173e+000
 -2.7568555096175578e+000
 -2.9346664174839772e+000
 -2.9400866649191828e+000
 -2.9454980639006991e+000
 -2.9292373726124796e+000
 -2.7625315384443296e+000
 -2.7682003900338699e+000
 -2.9616786612006933e+000
 -2.9237995814049431e+000
 -2.9183530950438872e+000
 -2.7738620110287693e+000
 -2.9128979647937703e+000
 -2.7795163481397034e+000
 -2.8964812245704308e+000
 -2.8909920330279606e+000
 -2.8799885426192700e+000
 -2.8854944551291490e+000
 -2.8744743473221015e+000
 -2.7851633481459066e+000
 -2.8689519211393044e+000
 -2.8634213160501023e+000
 -2.7964351243067465e+000
 -2.8020597943671497e+000
 -2.7908029578956537e+000
 -2.8132864337407515e+000
 -2.8300688489521528e+000
 -2.8244824533397477e+000
 -2.9074342420003445e+000
 -2.8578825841106519e+000
 -2.8076769151353229e+000
 -2.8188882973845200e+000
 -2.8412181488968025e+000
 -2.8523357774536207e+000
 -2.8356474316404165e+000
 -2.9019619780902284e+000
 -2.8467809482876358e+000
 -2.6824384046405649e+000
 -2.6882028519798951e+000
 -2.6997122595802923e+000
 -2.7054571115104071e+000
 -2.7111953234095494e+000
 -2.7169268412674703e+000
 -2.7340806914395541e+000
 -2.7397848942978729e+000
 -2.7226516111369046e+000
 -2.6939608216918405e+000
 -2.7283695791341809e+000
 -2.6766675339310897e+000
 -2.5304680605710232e+000
 -2.5363817141268061e+000
 -2.6708902941690678e+000
 -2.6593169250571802e+000
 -2.6535209046402639e+000
 -2.6477187330356990e+000
 -2.6419104648557630e+000
 -2.6360961547700072e+000
 -2.6651067397320816e+000
 -2.5481938197374108e+000
 -2.6302758575050365e+000
 -2.6244496278436649e+000
 -2.5540921606122162e+000
 -2.6186175206245315e+000
 -2.5599852861605621e+000
 -2.5658731409141025e+000
 -2.6127795907417397e+000
 -2.5952314148701778e+000
 -2.5893707443610281e+000
 -2.5717556694541437e+000
 -2.6010864828345408e+000
 -2.6069358931440489e+000
 -2.5776328164121005e+000
 -2.5835045264699557e+000
 -2.5008260131459368e+000
 -2.5067640739911319e+000
 -2.5126973649798909e+000
 -2.5245494140478231e+000
 -2.5186258302657683e+000
 -2.5422903190536186e+000
 -2.4948832383355559e+000
 -2.4889358054956623e+000
 -2.4710661188099508e+000
 -2.4770271896886626e+000
 -2.4531565276912302e+000
 -2.4591307316410318e+000
 -2.4471780584595777e+000
 -2.4651006140775653e+000
 -2.4829837706057596e+000
 -2.3931891953401725e+000
 -2.3992035152422511e+000
 -2.4352085492769739e+000
 -2.4411953802177502e+000
 -2.4292176219875778e+000
 -2.4052140776888438e+000
 -2.4112208261061974e+000
 -2.4232226547384808e+000
 -2.3871711745916131e+000
 -2.4172237039565569e+000
 -2.3751242571650706e+000
 -2.3811495096405122e+000
 -2.3690954738772532e+000
 -2.3630632165222529e+000
 -2.0092038522409035e+000
 -2.3509885067545300e+000
 -2.3328518070809081e+000
 -2.3449461679935864e+000
 -2.3389005824679381e+000
 -2.3267998987659482e+000
 -2.3207449144858532e+000
 -2.3570275418779776e+000
 -2.3146869112324695e+000
 -2.3025620759146599e+000
 -2.3086259460260381e+000
 -2.2964953579737939e+000
 -2.2843536070389043e+000
 -2.0460153629376800e+000
 -2.2661210503142835e+000
 -2.2782786883276480e+000
 -2.2722011503514206e+000
 -2.0521494356582188e+000
 -2.0582830175284057e+000
 -2.2539533929937607e+000
 -2.2600384454444624e+000
 -2.0644160508166163e+000
 -2.2478659502370180e+000
 -2.2417761744715383e+000
 -2.0705484777964296e+000
 -2.0766802407470957e+000
 -2.2356841230166524e+000
 -2.2051917380448698e+000
 -2.1990872373201475e+000
 -2.2295898532129961e+000
 -2.2112943074268232e+000
 -2.0828112819541613e+000
 -2.2234934224222562e+000
 -2.1929808627105016e+000
 -2.0889415437098910e+000
 -2.1807627217557317e+000
 -2.1868726716915043e+000
 -2.1746510704123829e+000
 -2.2173948880262797e+000
 -2.0950709683139421e+000
 -2.1011994980738247e+000
 -2.1318267055940208e+000
 -2.1257035151283414e+000
 -2.1073270753054825e+000
 -2.1440693064937930e+000
 -2.1685377751866635e+000
 -2.1501886016958558e+000
 -2.1134536423338237e+000
 -2.1195791414932881e+000
 -2.1563064832655705e+000
 -2.1379486552565394e+000
 -2.2904258493057017e+000
 -2.1624228936191932e+000
 -2.0153396574790641e+000
 -2.0214753183345233e+000
 -2.0276107770561316e+000
 -2.0398808571030291e+000
 -2.0337459758945706e+000
 -1.9171887180458478e+000
 -1.9233197592528992e+000
 -1.9294515222035866e+000
 -1.9355839491833946e+000
 -1.9417169824716245e+000
 -2.0030679603725670e+000
 -1.9907961477590996e+000
 -1.9539846370623226e+000
 -1.9785246816654798e+000
 -1.9846603425209428e+000
 -1.9478505643417927e+000
 -1.9601191428969815e+000
 -1.9969320396274310e+000
 -1.9723892229438837e+000
 -1.9662540241054534e+000
 -1.9110584562901130e+000
 -1.7035046420262203e+000
 -1.8865463576661829e+000
 -1.8926729246945280e+000
 -1.8804208585067206e+000
 -1.9049290316861136e+000
 -1.7156463929611094e+000
 -1.7217213116723546e+000
 -1.8988005019262126e+000
 -1.8742964848716728e+000
 -1.8681732944059866e+000
 -1.8620513447434710e+000
 -1.7277988496485921e+000
 -1.8559306935062236e+000
 -1.7338789496857216e+000
 -1.8498113983041546e+000
 -1.7399615545555343e+000
 -1.8436935167344111e+000
 -1.7460466070062293e+000
 -1.7521340497629907e+000
 -1.7582238255284428e+000
 -1.8314622248133570e+000
 -1.8253489295876169e+000
 -1.7948082619551189e+000
 -1.8070191372894995e+000
 -1.7887056925731666e+000
 -1.7643158769833420e+000
 -1.7826051119737278e+000
 -1.8009127626798600e+000
 -1.8131273283084968e+000
 -1.8192372782442707e+000
 -1.7765065775777604e+000
 -1.7704101467869866e+000
 -1.8375771063808026e+000
 -1.6792550855141324e+000
 -1.6853130887675210e+000
 -1.6913740539739663e+000
 -1.6974379240853472e+000
 -1.6732001012340514e+000
 -1.6671481929190717e+000
 -1.6610994175320708e+000
 -1.6550538320064125e+000
 -1.6429724581220000e+000
 -1.6490114932454794e+000
 -1.6369367834777468e+000
 -1.7095741506942850e+000
 -1.6309045261227573e+000
 -1.6188504903594929e+000
 -1.6248757428349354e+000
 -1.6128288254083898e+000
 -1.6068108046598484e+000
 -1.6007964847577374e+000
 -1.5947859223111676e+000
 -1.5887791738938015e+000
 -1.5528219415404141e+000
 -1.5588046197822514e+000
 -1.5767773452615481e+000
 -1.5707823780124321e+000
 -1.5647914507230372e+000
 -1.5468434723087869e+000
 -1.5408692683589655e+000
 -1.5348993859224456e+000
 -1.5289338811900515e+000
 -1.5827762960434817e+000
 -1.5229728103113680e+000
 -1.4991739868540672e+000
 -1.4813741697342238e+000
 -1.4873026350201140e+000
 -1.5051167616644601e+000
 -1.4932359260088601e+000
 -1.5110641945043626e+000
 -1.5170162293942653e+000
 -1.4754505859521696e+000
 -1.1755175466602297e+000
 -1.1811117026154878e+000
 -1.1867135662592587e+000
 -1.4695319394289859e+000
 -1.1923230848646900e+000
 -1.4341268590858884e+000
 -1.4400147138394446e+000
 -1.4223671835878988e+000
 -1.4636182858732174e+000
 -1.4164954735300230e+000
 -1.4518061802625881e+000
 -1.4459078393878049e+000
 -1.1979402056328299e+000
 -1.4577096809463734e+000
 -1.4106292556389768e+000
 -1.4282443305458379e+000
 -1.2035648756932622e+000
 -1.4047685851298350e+000
 -1.3697241424949549e+000
 -1.3755503721563560e+000
 -1.2091970421043625e+000
 -1.3639038452299734e+000
 -1.3989135171654621e+000
 -1.3580895351442550e+000
 -1.3813824793754639e+000
 -1.3872204092582834e+000
 -1.2204836518602922e+000
 -1.2261379889712216e+000
 -1.3522812669642976e+000
 -1.2317996099661326e+000
 -1.3464790953597519e+000
 -1.2374684615556819e+000
 -1.2431444903824731e+000
 -1.2488276430215703e+000
 -1.3117971480201200e+000
 -1.3406830749428291e+000
 -1.3060391783081593e+000
 -1.2545178659809801e+000
 -1.3175615953594317e+000
 -1.3002877404197282e+000
 -1.3233324660689192e+000
 -1.2888046765904351e+000
 -1.2602151057021416e+000
 -1.3291097058309360e+000
 -1.2659193085604707e+000
 -1.2945428884895802e+000
 -1.2830731587325410e+000
 -1.2773483888630999e+000
 -1.3930641068559899e+000
 -1.3348932602679155e+000
 -1.2716304208658535e+000
 -1.1035187754295566e+000
 -1.1090079669720285e+000
 -1.1200114573807363e+000
 -1.1255256526779178e+000
 -1.1310480788606918e+000
 -1.1365786839498877e+000
 -1.1699311510478365e+000
 -1.1421174158893417e+000
 -1.1587818511032033e+000
 -1.1476642225463991e+000
 -1.1643525683595766e+000
 -1.1145055448708650e+000
 -1.2148366518540932e+000
 -1.0980380219098003e+000
 -1.0762004185950655e+000
 -1.0707626273875224e+000
 -1.0816469049561110e+000
 -1.0653335825160160e+000
 -1.0871020352062362e+000
 -9.5866749171926668e-001
 -9.6391099180800577e-001
 -1.0599133350808121e+000
 -9.6916424396107925e-001
 -1.0925657579996828e+000
 -1.0545019360993189e+000
 -1.1532190517124128e+000
 -9.7442719873287420e-001
 -1.0490994365056923e+000
 -9.8498201789406348e-001
 -9.9027378293747004e-001
 -1.0062059019546883e+000
 -1.0008857749098259e+000
 -9.9557505190857709e-001
 -1.0437058871503282e+000
 -1.0222222061604775e+000
 -1.0275794477510274e+000
 -1.0115353829680822e+000
 -9.7969980658647970e-001
 -1.0168741677868987e+000
 -1.0329458421341646e+000
 -1.0383213387993508e+000
 -9.5343379304869280e-001
 -8.4087088172118396e-001
 -8.5089328990457191e-001
 -8.5592074135048235e-001
 -8.9141175709276177e-001
 -8.8630992544968334e-001
 -8.9652402319058566e-001
 -9.0164667562455880e-001
 -8.8121857628172195e-001
 -9.0677966617832984e-001
 -8.6095896130610394e-001
 -8.6600790234979086e-001
 -9.1707646829374434e-001
 -9.4299599691553893e-001
 -9.3779199769748800e-001
 -9.1192294653823658e-001
 -8.7613775751062828e-001
 -9.4820994505782397e-001
 -9.2224018293799492e-001
 -9.3259799638569640e-001
 -9.2741404186808929e-001
 -6.7746832432002224e-001
 -8.4587665428863779e-001
 -8.3587601931844779e-001
 -8.3089211409397179e-001
 -6.8207741403592059e-001
 -8.2591921295816362e-001
 -6.8669890854114157e-001
 -7.0063738521863161e-001
 -6.9597893780608056e-001
 -6.9133276433639623e-001
 -8.1600661007591369e-001
 -8.1106700163067058e-001
 -7.0530806272697555e-001
 -7.0999092636891370e-001
 -8.0613858387561022e-001
 -7.3358648989988551e-001
 -7.3834154074315128e-001
 -7.4310846679633280e-001
 -7.2884335902288733e-001
 -7.8166597532709736e-001
 -8.0122140319886659e-001
 -7.8653774593095638e-001
 -7.7680567214707397e-001
 -7.4788722319131296e-001
 -7.2411219275631677e-001
 -7.9142093810368463e-001
 -7.5267776494861571e-001
 -7.9631550588284106e-001
 -7.5748004697782645e-001
 -7.7195688213793734e-001
 -7.6229402407804914e-001
 -7.1468593206754583e-001
 -7.1939303563169665e-001
 -8.2095736271787778e-001
 -8.7106751695897422e-001
 -7.6711965093828582e-001
 -6.7287168277592202e-001
 -6.4104736020126962e-001
 -6.4555565972563844e-001
 -6.5915687923965527e-001
 -6.6371591714696565e-001
 -6.3655185165670369e-001
 -6.5007670779597881e-001
 -4.9564629910191427e-001
 -4.9969670838756708e-001
 -6.3206917640537363e-001
 -6.2759937663992804e-001
 -6.2314249443182068e-001
 -5.0376123909919512e-001
 -6.0105331071943180e-001
 -6.0544497833823108e-001
 -5.9230951895102957e-001
 -5.9667481051966509e-001
 -5.8795747710132318e-001
 -6.1426765036515096e-001
 -5.8361872593361064e-001
 -5.0783985297986955e-001
 -5.7929330628587650e-001
 -5.1193251164014142e-001
 -5.6212575525438824e-001
 -5.6639744295779992e-001
 -5.5786760137098246e-001
 -6.0984977204000290e-001
 -5.5362302138694752e-001
 -5.7068262427446059e-001
 -5.4939205525387824e-001
 -5.1603917655833464e-001
 -5.4517474279524869e-001
 -6.5461046185845972e-001
 -5.4097112370600586e-001
 -5.3678123755221474e-001
 -5.2429437042306748e-001
 -5.2844282166856915e-001
 -5.3260512377067526e-001
 -6.1869857173093867e-001
 -6.6828753266899343e-001
 -5.7498125887061646e-001
 -4.5592720569923134e-001
 -4.5983432601330471e-001
 -4.6769201960737611e-001
 -4.7164251892777109e-001
 -4.6375594295326816e-001
 -4.7958663669759660e-001
 -4.7560740373083832e-001
 -4.9161004936622121e-001
 -4.8358018037397232e-001
 -5.2015980908096504e-001
 -4.5203461878635526e-001
 -4.4815660191318318e-001
 -4.3661033585788106e-001
 -4.4044442415397150e-001
 -4.8758799717121099e-001
 -4.3279096278072265e-001
 -4.2898634087189169e-001
 -4.2519650594193781e-001
 -4.2142149366222670e-001
 -4.1766133956461909e-001
 -3.1854925005908258e-001
 -3.8811921885764850e-001
 -3.8449436414762034e-001
 -3.8088471519189943e-001
 -3.7729030596587648e-001
 -3.7371117030149725e-001
 -3.5255897754521492e-001
 -3.4908769199124839e-001
 -3.5604576944151733e-001
 -3.5954803486113135e-001
 -3.2187952585937341e-001
 -3.4563194545266285e-001
 -3.9175924520347138e-001
 -3.6306574083940513e-001
 -3.7014734188694759e-001
 -4.1391607904111327e-001
 -3.4219177045627031e-001
 -3.3876719938230870e-001
 -4.4429319158109559e-001
 -3.9541440892376928e-001
 -4.1018574734352536e-001
 -4.0647037958316345e-001
 -4.0277001073048330e-001
 -3.9908467561475980e-001
 -3.2522559676867147e-001
 -3.1523480071362714e-001
 -3.3535826446413664e-001
 -3.1193620901986746e-001
 -3.2858743129250190e-001
 -3.0865350602540270e-001
 -3.0538672262828293e-001
 -3.3196499778796196e-001
 -2.8612204516434270e-001
 -2.8296755147111469e-001
 -2.7982921914121883e-001
 -3.0213588957672338e-001
 -2.8929267052960633e-001
 -2.7360115657575335e-001
 -2.7670707771383835e-001
 -2.9247939772377701e-001
 -2.7051148496107658e-001
 -2.6743809195097384e-001
 -1.5816551694162159e-001
 -1.6056570741754517e-001
 -2.5231631306926405e-001
 -2.5530788221121720e-001
 -2.4934119379177636e-001
 -2.5831587305984421e-001
 -2.6438100647339419e-001
 -2.4638255238170861e-001
 -1.6298321134957472e-001
 -1.6541800598324319e-001
 -2.4051481439990433e-001
 -1.6787006840133809e-001
 -1.7033937552410836e-001
 -1.7282590410949825e-001
 -2.4344041668691735e-001
 -2.3760577305755293e-001
 -2.2613576241131542e-001
 -2.2330993338080835e-001
 -2.2050082723385672e-001
 -1.8038858379069464e-001
 -1.8294376256738695e-001
 -2.2897828772760043e-001
 -1.7785053188964994e-001
 -1.8551604416940753e-001
 -1.8810540438546186e-001
 -2.1770847041083233e-001
 -1.9071181884350763e-001
 -2.1493288919447032e-001
 -2.9890103746879787e-001
 -1.9333526301097595e-001
 -1.9597571219501303e-001
 -2.3471332004087692e-001
 -2.0399884051852135e-001
 -1.9863314154270556e-001
 -2.0670705964264019e-001
 -2.1217410970959338e-001
 -2.0943215792288669e-001
 -2.6134025730278748e-001
 -1.5578266251331016e-001
 -1.5341716656094267e-001
 -2.0130752604131930e-001
 -1.5106905134947457e-001
 -1.4412921035476323e-001
 -1.4185083748136829e-001
 -1.3958995421556222e-001
 -2.1177836142685306e-005
 -5.8827138052973232e-005
 -1.1530064795298392e-004
 -1.9059783429462376e-004
 -3.9766022423196192e-004
 -2.8471798835283212e-004
 -1.3734658183764004e-001
 -5.2942347887608928e-004
 -6.8000651208162193e-004
 -1.7532963075335398e-001
 -1.3072174036063983e-001
 -1.3291245404232738e-001
 -1.3512074146307687e-001
 -1.4642505139083728e-001
 -1.4873833898025363e-001
 -1.2854862103784059e-001
 -1.1383112506781368e-001
 -1.1588052045796600e-001
 -1.1794764989822175e-001
 -1.2003249393197279e-001
 -1.2213503293587133e-001
 -1.1179948301745486e-001
 -1.2639311652815663e-001
 -1.0978561342947875e-001
 -1.2425524712002094e-001
 -1.0778953525919202e-001
 -9.6187726384135488e-002
 -9.8076667376849516e-002
 -9.9983509996314085e-002
 -9.4316704797602360e-002
 -9.0628490117323809e-002
 -1.0190823629459805e-001
 -1.0581126729444477e-001
 -8.4940790650175782e-004
 -1.9786282918537409e-003
 -1.7151625503664118e-003
 -1.4705054268120540e-003
 -9.2463620228019947e-002
 -8.8811331738458912e-002
 -1.2446592239945097e-003
 -2.2609001714326438e-003
 -2.5619755322545761e-003
 -2.8818515404820111e-003
 -3.2205251853203065e-003
 -5.6267325039441811e-002
 -5.7721683100550751e-002
 -2.2099470979394648e-002
 -2.1199144417239198e-002
 -4.4002970130886665e-002
 -4.5292199709600418e-002
 -6.2194390447142971e-002
 -6.0685229751416402e-002
 -6.3721790507275861e-002
 -4.2732151141154584e-002
 -2.0317443082359533e-002
 -2.3018414294607586e-002
 -4.6599827742577274e-002
 -5.9194322624889995e-002
 -6.1172844700350323e-003
 -5.6471265293478795e-003
 -3.5779932790445334e-003
 -8.7012162195210893e-002
 -7.8286733784641196e-002
 -7.9995708524668238e-002
 -8.3467857183966293e-002
 -7.6595846941755696e-002
 -7.0013494290160933e-002
 -8.1722755076316836e-002
 -6.8413282251833310e-002
 -7.4923063911282090e-002
 -6.5267415555343433e-002
 -5.4831262130536268e-002
 -7.3268400438091949e-002
 -7.1631872096509258e-002
 -5.3413507890603951e-002
 -4.7925841921922736e-002
 -4.9270229766686373e-002
 -4.1479754701835889e-002
 -5.2014075664088152e-002
 -4.0245792600964725e-002
 -2.3955965713433575e-002
 -1.9454375273662547e-002
 -3.9030276453061390e-002
 -6.6062095942078791e-003
 -1.1850241390240733e-002
 -5.1957401974494924e-003
 -1.3221577703838710e-002
 -1.2526556118550622e-002
 -3.2125173101562661e-002
 -1.1192639884641930e-002
 -2.4912116411281687e-002
 -2.9971537975520910e-002
 -1.8609949114670867e-002
 -1.3935299604297494e-002
 -3.9542524570276927e-003
 -3.1039089233558838e-002
 -4.7631297229616017e-003
 -2.8922529375648064e-002
 -2.7892073307609646e-002
 -1.5418817303485859e-002
 -7.6403428086062935e-003
 -1.7784172553446227e-002
 -7.1138972999147572e-003
 -1.0553757791348472e-002
 -3.6654627606033968e-002
 -1.6188599138781571e-002
 -3.3229779356897950e-002
 -2.6880179470449170e-002
 -4.3492991777771073e-003
 -3.4352897602589555e-002
 -3.5494517267421075e-002
 -1.4667715102103922e-002
 -8.1855411651767275e-003
 -9.9336011237630504e-003
 -8.7494872380119142e-003
 -8.5230998422048135e-002
 -5.0632978622979191e-002
 -9.3321757190354647e-003
 -3.7833217699027193e-002
 -1.6977053362512193e-002
 -2.5886857388498212e-002
 -3.6659885426634897e-001
 -2.9568219675216273e-001
 -2.3183748257472964e-001
 -1.0376260676663721e-003
 -1.0385082815544608e-001
 -6.6831251043333650e-002
