 -3.9998494036782968e+000
 -3.9986447691767015e+000
 -3.9962362258003026e+000
 -3.9926252243655544e+000
 -3.9878139400047141e+000
 -3.9818052708555691e+000
 -3.9746028363157171e+000
 -3.9662109748624390e+000
 -3.9566347414392604e+000
 -3.9458799044111212e+000
 -3.9339529420897095e+000
 -3.9066120807084066e+000
 -3.8912146507610457e+000
 -3.8746780238251448e+000
 -3.8570121609464301e+000
 -3.8382277033801131e+000
 -3.8183359661810448e+000
 -3.7973489313879050e+000
 -3.7752792408057037e+000
 -3.7521401883908174e+000
 -3.9208610388311498e+000
 -3.7279457122431667e+000
 -3.7027103862105260e+000
 -3.6491786055700590e+000
 -3.6209143965051815e+000
 -3.5916738092177645e+000
 -3.5614744571441919e+000
 -3.5303345312449177e+000
 -3.4982727890469176e+000
 -3.4653085433448263e+000
 -3.4314616505676359e+000
 -3.3967524988179374e+000
 -3.3612019955909114e+000
 -3.3248315551803431e+000
 -3.2497189762847674e+000
 -3.2876630857796076e+000
 -3.2110220828086575e+000
 -3.1715957149128875e+000
 -3.1314636215672298e+000
 -3.0906499768440963e+000
 -3.0491793653569337e+000
 -3.0070767674514411e+000
 -2.9643675441582498e+000
 -2.9210774219164963e+000
 -2.8772324770770799e+000
 -2.7879840801220994e+000
 -2.7426343879036721e+000
 -2.6506205843245318e+000
 -2.6968373604988694e+000
 -2.6040118986384555e+000
 -2.5570393787701122e+000
 -2.5097313192090254e+000
 -2.4621162165613417e+000
 -2.4142227523844380e+000
 -2.3660797759102805e+000
 -2.3177162866677188e+000
 -2.2204444145877726e+000
 -2.1715946246888791e+000
 -2.1226414726044189e+000
 -2.0736144458827233e+000
 -2.0245430765714301e+000
 -1.9754569234285626e+000
 -1.9263855541172932e+000
 -1.8773585273955842e+000
 -1.5059632171281835e-004
 -1.3552308233013373e-003
 -3.7637741997024717e-003
 -1.8284053753111240e+000
 -7.3747756344452143e-003
 -1.2186059995289364e-002
 -1.8194729144441462e-002
 -2.5397163684283932e-002
 -1.7795555854122409e+000
 -3.3789025137567846e-002
 -4.3365258560743671e-002
 -5.4120095588879709e-002
 -1.5378837834386596e+000
 -1.4902686807909666e+000
 -1.4429606212298953e+000
 -6.6047057910295331e-002
 -1.0878534923895691e-001
 -9.3387919291612817e-002
 -1.3959881013615441e+000
 -1.5857772476155652e+000
 -1.2532197617485011e-001
 -1.3493794156754753e+000
 -1.6339202240897246e+000
 -1.4298783905356813e-001
 -1.3031626395011280e+000
 -1.6177229661988404e-001
 -1.8166403381895452e-001
 -1.2573656120963337e+000
 -2.0265106861209140e-001
 -1.0789225780835183e+000
 -1.0356324558417558e+000
 -9.9292323254856407e-001
 -1.1227675229229419e+000
 -9.5082063464305810e-001
 -2.2472075919429108e-001
 -9.0935002315590618e-001
 -2.4785981160918866e-001
 -8.6853637843277542e-001
 -2.7205428775682594e-001
 -4.3852554285581324e-001
 -4.6966546875508197e-001
 -8.2840428508712260e-001
 -4.0832619078223170e-001
 -5.3469145665517337e-001
 -5.0172721095308259e-001
 -5.6853834943236115e-001
 -3.7908560349480969e-001
 -7.8897791719134680e-001
 -6.0324750118205483e-001
 -1.2120159198779046e+000
 -3.5082139442995003e-001
 -6.3879800440909129e-001
 -2.9728961378946950e-001
 -7.5028102371522631e-001
 -1.6822837133322801e+000
 -7.1233691422041900e-001
 -6.7516844481965543e-001
 -3.6764494111096742e+000
 -7.9138961168869162e-002
 -3.2355058889032523e-001
 -2.2691614170142533e+000
 -1.7308385829857496e+000
 -2.8328591201952809e+000
 -1.1671408798047249e+000
