  -3.9998665996069120e+00
  -3.9987995032337307e+00
  -3.9966658798727210e+00
  -3.9934668679906604e+00
  -3.9892041745284050e+00
  -3.9838800739900204e+00
  -3.9774974072291807e+00
  -3.9700595799333493e+00
  -3.9615705608064573e+00
  -3.9520348794514382e+00
  -3.9414576239531267e+00
  -3.9298444381634918e+00
  -3.8564755892023395e+00
  -3.8731645440911970e+00
  -3.8387960490571973e+00
  -3.8888540087681736e+00
  -3.8201353571715799e+00
  -3.8005034705879344e+00
  -3.9035356115894584e+00
  -3.7799108645624249e+00
  -3.7583685269755849e+00
  -3.7358879524692639e+00
  -3.6098485167873902e+00
  -3.5820074807099398e+00
  -3.5533223111061329e+00
  -3.5238083139170739e+00
  -3.7124811363132260e+00
  -3.6368305638132896e+00
  -3.4934812373328978e+00
  -3.4623572633896162e+00
  -3.4304529993348258e+00
  -3.6629392246050996e+00
  -3.3977854687662119e+00
  -3.3643721025481228e+00
  -3.3302307295107134e+00
  -3.2236226260484888e+00
  -3.1867551360737538e+00
  -3.2598372108411278e+00
  -3.1111404660392079e+00
  -3.1492544128114779e+00
  -3.0724336327405832e+00
  -3.0331545662539079e+00
  -2.9933242252518304e+00
  -2.9529638625581343e+00
  -2.9120950138075750e+00
  -2.8707394859548301e+00
  -3.9172015186900597e+00
  -2.7439747218124140e+00
  -2.7008955633756417e+00
  -2.7866569074073255e+00
  -2.6574424184370935e+00
  -2.6136384728899293e+00
  -2.5695070998088547e+00
  -2.5250718469785762e+00
  -2.4803564243291514e+00
  -2.4353846912846642e+00
  -2.3901806440322599e+00
  -2.3447684027182127e+00
  -2.2534163610056823e+00
  -2.2075253045745939e+00
  -2.1615235160077617e+00
  -2.1154355411132157e+00
  -2.0692859716866669e+00
  -2.0230994323896820e+00
  -1.9769005676103200e+00
  -1.9307140283133373e+00
  -1.8845644588867896e+00
  -1.8384764839922476e+00
  -1.7924746954253992e+00
  -1.3340039309677246e-04
  -1.2004967662627305e-03
  -3.3341201272796173e-03
  -6.5331320093388210e-03
  -1.0795825471597048e-02
  -1.6119926009979569e-02
  -2.2502592770812905e-02
  -2.9940420066658920e-02
  -1.5646153087153498e+00
  -1.5196435756708535e+00
  -1.6098193559677401e+00
  -1.4749281530214178e+00
  -1.4304929001911542e+00
  -3.8429439193539965e-02
  -4.7965120548570356e-02
  -5.8542376046877322e-02
  -1.3863615271100789e+00
  -7.0155561836523841e-02
  -1.3425575815629116e+00
  -1.2991044366243476e+00
  -1.1114599123183058e-01
  -9.6464388410524335e-02
  -1.2683545590881759e-01
  -1.4352441079767131e-01
  -1.2560252781875854e+00
  -1.2133430925926829e+00
  -1.6120395094280757e-01
  -1.7986464282842901e-01
  -1.9949652941208271e-01
  -2.2008913543757772e-01
  -1.0066757747481638e+00
  -9.6684543374609155e-01
  -1.0470361374418602e+00
  -1.0879049861924264e+00
  -9.2756636725941921e-01
  -2.4163147302442023e-01
  -8.8885953396079520e-01
  -4.4667768889387377e-01
  -4.7619168608291607e-01
  -4.1799251929006215e-01
  -1.6552315972817990e+00
  -8.5074558718851478e-01
  -5.0651876266710572e-01
  -2.6411204753076517e-01
  -3.9015148321261783e-01
  -5.3764273661038031e-01
  -8.1324486392623974e-01
  -5.6954700066517538e-01
  -6.0221453123378521e-01
  -3.6316943618671443e-01
  -7.7637737395151585e-01
  -1.1292605140451888e+00
  -2.8751886368675689e-01
  -6.3562789745186510e-01
  -7.4016278915888534e-01
  -1.7465836389943370e+00
  -6.6976927048928925e-01
  -3.3706077539491319e-01
  -3.6881605680049812e+00
  -2.2991721985777471e+00
  -3.2953795669367216e+00
  -8.2798481309983477e-02
  -3.1183943199503633e-01
  -1.7008278014222544e+00
  -7.0462043306327748e-01
  -2.8289193456385888e+00
  -1.1710806543614065e+00
