  -3.9998583923333912e+00
  -3.9987256513139857e+00
  -3.9964608108717292e+00
  -3.9930651538362616e+00
  -3.9885406035437949e+00
  -3.9828897227476245e+00
  -3.9761157121666013e+00
  -3.9682224086722480e+00
  -3.9592142831153976e+00
  -3.9490964377939850e+00
  -3.9378746035630243e+00
  -3.9255551365884847e+00
  -3.9121450147472534e+00
  -3.8976518336746500e+00
  -3.8654497390082057e+00
  -3.8820838024622755e+00
  -3.8477590650225602e+00
  -3.8290218006908820e+00
  -3.8092485589985099e+00
  -3.7884505397194221e+00
  -3.7666395230724845e+00
  -3.7438278630490176e+00
  -3.7200284804154058e+00
  -3.5269774099536488e+00
  -3.5572830760995013e+00
  -3.5867066805824628e+00
  -3.6152315575606546e+00
  -3.6952548553945497e+00
  -3.6428415502409837e+00
  -3.4958068475958455e+00
  -3.4637890443634491e+00
  -3.4309421354800440e+00
  -3.3972847257834724e+00
  -3.3628358791877915e+00
  -3.3276151078853453e+00
  -3.2175228580174386e+00
  -3.1794180834039203e+00
  -3.2549380147617071e+00
  -3.1406452738699246e+00
  -3.1012263907462945e+00
  -3.0611837613068129e+00
  -3.0205400661218054e+00
  -2.9793183262115921e+00
  -2.9375418900071661e+00
  -2.8952344201254161e+00
  -2.8524198799663467e+00
  -3.2916423612948424e+00
  -2.7653668647301881e+00
  -2.7211776974049022e+00
  -2.6315991752300469e+00
  -2.6765800473774197e+00
  -2.5862605586062144e+00
  -2.5405898777795355e+00
  -2.4946130011084287e+00
  -2.8091225201398595e+00
  -2.4483559703837918e+00
  -2.4018449860787991e+00
  -2.3551063925086160e+00
  -2.3081666629086914e+00
  -2.2137902431302288e+00
  -2.2610523844401236e+00
  -2.1664070087575298e+00
  -2.1189295196888636e+00
  -2.0713846676779708e+00
  -2.0237993826336265e+00
  -1.9762006173663722e+00
  -1.9286153323220374e+00
  -1.8810704803111409e+00
  -1.8335929912424784e+00
  -1.4160766661642805e-04
  -1.2743486860163902e-03
  -3.5391891282757653e-03
  -1.7862097568697775e+00
  -6.9348461637346341e-03
  -1.1459396456204533e-02
  -1.7110277252378705e-02
  -2.3884287833395905e-02
  -3.1777591327767911e-02
  -4.0785716884614562e-02
  -1.6448936074913967e+00
  -1.5981550139212071e+00
  -1.5516440296162106e+00
  -5.0903562206014878e-02
  -1.5053869988915785e+00
  -6.2125396436986446e-02
  -7.4444863411516918e-02
  -1.4594101222204559e+00
  -8.7854985252756895e-02
  -1.0234816632536230e-01
  -2.3336047692751247e-01
  -2.5617213695097180e-01
  -2.1154946028057842e-01
  -1.7097819930912106e-01
  -1.9075144100149122e-01
  -4.4271692390048939e-01
  -4.7302259004635394e-01
  -5.0419315240415830e-01
  -1.4137394413938029e+00
  -4.1329331941752978e-01
  -2.7997151958459809e-01
  -5.3621095563654941e-01
  -3.5715844975902211e-01
  -5.6905786451994633e-01
  -1.5224093497742525e-01
  -1.3455026099180059e-01
  -3.8476844243934477e-01
  -1.3684008247699533e+00
  -6.0271527421653226e-01
  -8.9877360925370431e-01
  -8.2058191659607649e-01
  -8.5935472613007102e-01
  -9.3881623869318509e-01
  -7.8247714198255980e-01
  -1.3234199526225818e+00
  -9.7945993387820318e-01
  -6.3716412081221607e-01
  -7.4506198523829736e-01
  -1.0206816737884172e+00
  -1.7389476155599046e+00
  -1.2788223025951002e+00
  -1.0624581099928343e+00
  -3.0474514460547203e-01
  -3.6695210200305604e+00
  -1.1047655798745739e+00
  -1.1791619753774686e-01
  -6.7238489211466324e-01
  -1.6918333370913141e+00
  -1.2346331352698217e+00
  -1.1475801200336648e+00
  -1.1908774798601323e+00
  -7.0835763870518342e-01
  -3.3047897996943987e-01
