 -3.9999623505651960e+000
 -3.9996611635916373e+000
 -3.9990588350021858e+000
 -3.9981554555052892e+000
 -3.9969511611465864e+000
 -3.9954461332883779e+000
 -3.9936405985823327e+000
 -3.9915348289353236e+000
 -3.9891291414685024e+000
 -3.9864238984695888e+000
 -3.9834195073381902e+000
 -3.9801164205245931e+000
 -3.9765151354614998e+000
 -3.9726161944891945e+000
 -3.9684201847738567e+000
 -3.9639277382191098e+000
 -3.9591395313708855e+000
 -3.9540562853155019e+000
 -3.9486787655711493e+000
 -3.9430077819725033e+000
 -3.9370441885488341e+000
 -3.9307888833953837e+000
 -3.9242428085380858e+000
 -3.9174069497917450e+000
 -3.9102823366115409e+000
 -3.9028700419380096e+000
 -3.8951711820354769e+000
 -3.8871869163239121e+000
 -3.8789184472043789e+000
 -3.8703670198778899e+000
 -3.8615339221579652e+000
 -3.8524204842766312e+000
 -3.8430280786840840e+000
 -3.8333581198420954e+000
 -3.8234120640108613e+000
 -3.8131914090298253e+000
 -3.8026976940920401e+000
 -3.7919324995123711e+000
 -3.7808974464895169e+000
 -3.7695941968618838e+000
 -3.7580244528572728e+000
 -3.7461899568365831e+000
 -3.7340924910313862e+000
 -3.7217338772755473e+000
 -3.7091159767308088e+000
 -3.6962406896065989e+000
 -3.6697257499727645e+000
 -3.6831099548738089e+000
 -3.6560900905155225e+000
 -3.6422050299822133e+000
 -3.6280726594119099e+000
 -3.6136951070875947e+000
 -3.5990745382158171e+000
 -3.5842131546004365e+000
 -3.5691131943111567e+000
 -3.5537769313464738e+000
 -3.5382066752911627e+000
 -3.5224047709685324e+000
 -3.5063735980872384e+000
 -3.4901155708829377e+000
 -3.4736331377547489e+000
 -3.4569287808964710e+000
 -3.4228643914904353e+000
 -3.4055094889144533e+000
 -3.3879429217793153e+000
 -3.3701673355454052e+000
 -3.3521854071506287e+000
 -3.3339998446072663e+000
 -3.4400050159227744e+000
 -3.0596072493725908e+000
 -3.3156133865941717e+000
 -3.2970288020442329e+000
 -3.2782488897275646e+000
 -3.2592764778298466e+000
 -3.2401144235265895e+000
 -3.2207656125526190e+000
 -3.2012329587677470e+000
 -3.0803429454597886e+000
 -3.1815194037177639e+000
 -3.1009159458732087e+000
 -3.1213231523946803e+000
 -3.1415614917739418e+000
 -3.0387119803311839e+000
 -3.0176602850862135e+000
 -2.9535984601266398e+000
 -2.9751003202968738e+000
 -3.1616279161915504e+000
 -2.9319529915359337e+000
 -2.9964553339455455e+000
 -2.9101671742526904e+000
 -2.8882442891408759e+000
 -2.8661876377063247e+000
 -2.7540148204328396e+000
 -2.7766900933976486e+000
 -2.7992483996912703e+000
 -2.8216863421158127e+000
 -2.8440005415996188e+000
 -2.3781373282996348e+000
 -2.7312259956095515e+000
 -2.4022092696841923e+000
 -2.4262206398321786e+000
 -2.7083270508409969e+000
 -2.4501678227195978e+000
 -2.4978552114914394e+000
 -2.5215882358305564e+000
 -2.5452427108999025e+000
 -2.5688150744225453e+000
 -2.6622126115197533e+000
 -2.6390040616320367e+000
 -2.5923017764872252e+000
 -2.6156992800830605e+000
 -2.6853214346239960e+000
 -2.3298262409799575e+000
 -2.3540084408242952e+000
 -2.3055943705168889e+000
 -2.1593648759428556e+000
 -2.2082432677441126e+000
 -2.2569962215875843e+000
 -2.2326372618237968e+000
 -1.9631865401883912e+000
 -1.9877282307016950e+000
 -2.0122717692983141e+000
 -2.0368134598116030e+000
 -2.1838179129942730e+000
 -2.1348878391273218e+000
 -2.0613496063532630e+000
 -2.1103904886993616e+000
 -2.4740472119887129e+000
 -1.7673627381761836e+000
 -1.7917567322558994e+000
 -1.8161820870057332e+000
 -1.8406351240571452e+000
 -1.9386503936467312e+000
 -1.8651121608726728e+000
 -1.8896095113006297e+000
 -2.2813164786657105e+000
 -1.7430037784124210e+000
 -1.6944056294831136e+000
 -1.6701737590200569e+000
 -1.6459915591756986e+000
 -1.6218626717003897e+000
 -1.5977907303158192e+000
 -1.5498321772804269e+000
 -1.5737793601678234e+000
 -1.9141234861301299e+000
 -2.0858765138698812e+000
 -1.4547572891001059e+000
 -1.5021447885085555e+000
 -1.4784117641694541e+000
 -1.4311849255774503e+000
 -1.4076982235127449e+000
 -1.3843007199169364e+000
 -1.3609959383679671e+000
 -1.2233099066023485e+000
 -1.2459851795671657e+000
 -1.2687740043904507e+000
 -1.2916729491590222e+000
 -1.7186835213342890e+000
 -1.5259527880112602e+000
 -1.2007516003087093e+000
 -1.1783136578841935e+000
 -1.1338123622936989e+000
 -1.1117557108591449e+000
 -1.0898328257473091e+000
 -1.0680470084640714e+000
 -1.0464015398733593e+000
 -1.0248996797031336e+000
 -1.3377873884802474e+000
 -1.3146785653760045e+000
 -1.1559994584003981e+000
 -9.8233971491378036e-001
 -9.6128801966881949e-001
 -9.4039275062741112e-001
 -9.1965705454021340e-001
 -8.9908405412679426e-001
 -8.7867684760532827e-001
 -8.5843850822606782e-001
 -3.7649434798729578e-005
 -3.3883640835296534e-004
 -9.4116499781317223e-004
 -1.8445444947090364e-003
 -3.0488388534114807e-003
 -4.5538667116167136e-003
 -8.1848059628225245e-001
 -7.9876704123226394e-001
 -7.7923438744738249e-001
 -7.5988557647342148e-001
 -6.3594014176679876e-003
 -1.6580492661801071e-002
 -1.3576101530411045e-002
 -1.9883579475406626e-002
 -1.0870858531489180e-002
 -2.3484864538502088e-002
 -2.7383805510803719e-002
 -6.2955811451165203e-002
 -3.1579815226142040e-002
 -5.6992218027497356e-002
 -4.0860468629119191e-002
 -5.1321234428848991e-002
 -4.5943714684491148e-002
 -6.9211116604622078e-002
 -7.4072352217015369e-001
 -6.1205707822069411e-001
 -6.2983266445459907e-001
 -5.9449051108555007e-001
 -1.0482881796451736e-001
 -9.7129958061983601e-002
 -8.9717663388458976e-002
 -6.4781459284937148e-001
 -6.6600015539272150e-001
 -5.7713560850956602e-001
 -5.2636686224526330e-001
 -5.0988442911707132e-001
 -4.9362640191277640e-001
 -4.7759522903148005e-001
 -5.4307121910355638e-001
 -4.6179332470884144e-001
 -2.9088402326920004e-001
 -2.7826612272446766e-001
 -2.6590750896861770e-001
 -1.1281308367607894e-001
 -2.5381004316342270e-001
 -1.2108155279562056e-001
 -7.5757191461917256e-002
 -1.2963298012210553e-001
 -1.8680859097016908e-001
 -1.5697192131591550e-001
 -1.7658793598914135e-001
 -1.6664188015791631e-001
 -7.2175111027244543e-001
 -8.4651710646805323e-003
 -3.4390990948448869e-001
 -1.9730230590795597e-001
 -7.0297119795577612e-001
 -4.4622306865353517e-001
 -3.0375931039340598e-001
 -4.1578684539957450e-001
 -4.0092546178418947e-001
 -3.5779497001779104e-001
 -2.4197554714273320e-001
 -3.3027425002723881e-001
 -3.8630489291240100e-001
 -2.0806750048762898e-001
 -1.4757951572337680e-001
 -1.3846607784203227e-001
 -1.0035446660544425e+000
 -6.8438661340584561e-001
 -2.3040580313812542e-001
 -3.7192734058810206e-001
 -4.3088680568885201e-001
 -8.2593050208256580e-002
 -2.1910255351048397e-001
 -5.5999498407723580e-001
 -3.6072261780889334e-002
 -8.3837208380847383e-001
 -3.1689004512620406e-001
