  -3.8742830394092178e+00
  -3.8825787613780633e+00
  -3.8905996300693007e+00
  -3.8983444744497473e+00
  -3.9058121637854151e+00
  -3.9130016078064429e+00
  -3.9199117568662887e+00
  -3.9265416020950203e+00
  -3.9328901755466075e+00
  -3.9389565503401549e+00
  -3.9447398407953518e+00
  -3.9502392025616682e+00
  -3.9554538327416884e+00
  -3.9603829700083581e+00
  -3.9650258947160402e+00
  -3.9693819290057064e+00
  -3.9999635000947427e+00
  -3.9996715088461059e+00
  -3.9990875689790659e+00
  -3.9982117657478344e+00
  -3.9970442270181774e+00
  -3.9955851232487638e+00
  -3.9938346674662486e+00
  -3.9917931152341790e+00
  -3.9894607646156732e+00
  -3.9868379561299414e+00
  -3.9839250727025517e+00
  -3.9807225396094816e+00
  -3.9734504369037764e+00
  -3.9772308244150691e+00
  -3.8287254154608932e+00
  -3.8383764401489069e+00
  -3.8657136753239114e+00
  -3.8477590650225837e+00
  -3.8568719202346764e+00
  -3.7652644937001059e+00
  -3.8188073999915395e+00
  -3.8086238417541618e+00
  -3.7981762275308624e+00
  -3.7874660826554156e+00
  -3.6925294007795908e+00
  -3.7052803287081910e+00
  -3.7177822886268870e+00
  -3.7300334552709593e+00
  -3.7420320399910327e+00
  -3.7537762910142596e+00
  -3.7764949707906421e+00
  -3.6795313664547789e+00
  -3.6662881234245455e+00
  -3.6528016051796515e+00
  -3.6390737807287166e+00
  -3.6251066543106094e+00
  -3.6109022651018994e+00
  -3.5964626869190903e+00
  -3.5817900279158836e+00
  -3.5668864302754120e+00
  -3.5517540698973824e+00
  -3.5363951560805820e+00
  -3.3531588764484566e+00
  -3.5208119312000568e+00
  -3.3708548446700832e+00
  -3.5050066703800566e+00
  -3.4889816811615857e+00
  -3.3883506704302140e+00
  -3.4727393031656164e+00
  -3.4056437993682245e+00
  -3.4227317067169194e+00
  -3.4562819077515834e+00
  -3.4396118976710346e+00
  -3.3352653493464421e+00
  -3.2617683252312579e+00
  -3.2804256809249823e+00
  -3.2988960966603709e+00
  -3.1853243827280480e+00
  -3.2047019918947028e+00
  -3.2239037166320772e+00
  -3.2429267535212221e+00
  -3.3171768757883306e+00
  -3.1460528527636531e+00
  -3.1261646655421149e+00
  -3.1061120602065264e+00
  -3.0858979644029549e+00
  -3.0655253293547884e+00
  -3.0449971294319185e+00
  -3.1657737182298473e+00
  -3.0243163617163384e+00
  -2.7429849741711232e+00
  -3.0034860455647627e+00
  -2.7653668647301739e+00
  -2.9825092221677618e+00
  -2.9613889541056042e+00
  -2.9401283249012771e+00
  -2.9187304385702886e+00
  -2.7876370130367105e+00
  -2.8971984191674358e+00
  -2.8097921676871556e+00
  -2.8755354103306843e+00
  -2.8537445748222630e+00
  -2.6978990530033542e+00
  -2.7204946090772339e+00
  -2.6752016048619733e+00
  -2.5370637349487422e+00
  -2.5603024592544754e+00
  -2.5834593803599351e+00
  -2.6065311173943058e+00
  -2.6295143019234470e+00
  -2.5137466002567752e+00
  -2.4903544594402720e+00
  -2.4433588307360492e+00
  -2.4197622041296962e+00
  -2.3961042929598366e+00
  -2.3723885512410239e+00
  -2.3486184414309772e+00
  -2.3247974339250614e+00
  -2.8318290940668396e+00
  -2.6524055784417406e+00
  -2.4668907277118035e+00
  -2.0120829751625364e+00
  -2.3009290065495467e+00
  -2.2530638376025975e+00
  -2.2770166440540716e+00
  -2.2290740842638814e+00
  -2.0362471613939301e+00
  -2.2050508865008478e+00
  -2.1809977516592705e+00
  -2.0604060556017747e+00
  -2.1569181914557034e+00
  -2.0845561306288940e+00
  -2.1328157214646755e+00
  -2.1086938606055887e+00
  -1.9879170248374618e+00
  -1.7709259157361312e+00
  -1.7949491134991520e+00
  -1.8190022483407184e+00
  -1.8430818085443084e+00
  -1.8671842785353316e+00
  -1.9154438693711218e+00
  -1.9395939443982333e+00
  -1.9637528386060685e+00
  -1.7469361623974138e+00
  -1.5802377958703102e+00
  -1.6038957070401676e+00
  -1.6276114487589646e+00
  -1.6513815585690135e+00
  -1.6752025660749474e+00
  -1.6990709934504447e+00
  -1.4396975407455297e+00
  -1.4629362650512494e+00
  -1.4862533997432359e+00
  -1.5566411692639448e+00
  -1.5096455405597473e+00
  -1.4165406196400598e+00
  -1.2346331352698228e+00
  -1.2570150258288859e+00
  -1.2795053909227692e+00
  -1.3021009469966482e+00
  -1.3247983951380153e+00
  -1.3934688826056814e+00
  -1.3704856980765581e+00
  -1.8913061393944086e+00
  -1.7229833559459231e+00
  -1.2123629869633012e+00
  -1.1902078323128478e+00
  -1.1462554251777457e+00
  -1.1244645896693244e+00
  -1.1028015808325602e+00
  -1.0386110458944098e+00
  -1.0598716750987205e+00
  -1.0812695614297048e+00
  -1.5331092722881778e+00
  -8.9388793979347458e-01
  -9.1410203559704339e-01
  -9.3447467064520295e-01
  -9.5500287056810496e-01
  -9.7568363828368287e-01
  -1.0174907778322377e+00
  -8.7383533445788919e-01
  -8.5394714723636023e-01
  -3.6499905254386484e-05
  -3.2849115388887287e-04
  -9.1243102093372763e-04
  -1.7882342521678206e-03
  -2.9557729818178637e-03
  -8.1467561727196458e-01
  -7.9529800810528051e-01
  -7.7609628336789904e-01
  -7.5707324647877627e-01
  -4.4148767512277838e-03
  -6.1653325337442397e-03
  -2.2769175584931810e-02
  -1.9277460390523173e-02
  -1.6074927297442646e-02
  -1.3162043870042127e-02
  -9.9651395443522939e-01
  -7.3823167476874474e-01
  -5.5260159204647011e-02
  -4.9760797438335051e-02
  -2.6549563096224964e-02
  -8.2068847658183595e-03
  -3.0618070994296014e-02
  -7.1957431907503078e-01
  -4.4546167258306055e-02
  -6.1043449659834020e-02
  -1.1742123862192917e-01
  -1.0940036993071939e-01
  -1.0165552555026509e-01
  -6.7109824453387257e-02
  -9.4187836214594783e-02
  -8.6998392193568669e-02
  -7.3458397904966985e-02
  -6.1164932956979257e-01
  -6.2914515532992810e-01
  -5.9435620063176431e-01
  -5.7726829328308260e-01
  -5.1101831883842619e-01
  -5.2726069683438992e-01
  -4.9499332961994669e-01
  -4.7918806879993975e-01
  -3.9617029991641878e-02
  -1.2571696059079115e-01
  -1.3428632467609189e-01
  -1.7127458453912536e-01
  -1.6162355985108146e-01
  -1.8119260000847454e-01
  -1.5224093497742738e-01
  -4.4824593010261599e-01
  -1.9137615824584109e-01
  -4.6360484391943746e-01
  -4.0353731308092078e-01
  -3.7489334568939264e-01
  -3.6092621927128943e-01
  -6.6473465065356818e-01
  -6.4684112355153667e-01
  -1.0539235384318035e-02
  -5.4371809224842038e-01
  -2.0182377246914837e-01
  -4.1820997208411775e-01
  -3.4719839482035364e-01
  -2.1253391734459656e-01
  -3.8909773489810906e-01
  -3.3371187657546086e-01
  -2.9471967129181587e-01
  -3.0747059922039771e-01
  -8.3422628177017999e-01
  -7.0110390333963202e-01
  -2.6996654472904202e-01
  -6.8282312421165692e-01
  -5.6038810232897041e-01
  -3.4974105283953359e-02
  -2.8221771137311247e-01
  -2.4622370898573401e-01
  -2.3473550629988835e-01
  -2.5796796000896854e-01
  -3.2046863354520255e-01
  -2.2350502920936177e-01
  -1.3475944215582616e+00
  -1.1681709059331555e+00
  -8.0088243133713474e-02
  -4.3311356972460169e-01
  -1.4312807976534159e-01
