 -3.8932018261665684e+000
 -3.8971226998314372e+000
 -3.9009721478989698e+000
 -3.9047500254395402e+000
 -3.9084561902182116e+000
 -3.9120905026999928e+000
 -3.9156528260550769e+000
 -3.9191430261639653e+000
 -3.9225609716226373e+000
 -3.9259065337473618e+000
 -3.9291795865796040e+000
 -3.9323800068908219e+000
 -3.9355076741869586e+000
 -3.9385624707131046e+000
 -3.9415442814579107e+000
 -3.9444529941578828e+000
 -3.9472884993016129e+000
 -3.9500506901339762e+000
 -3.9527394626600354e+000
 -3.9553547156490398e+000
 -3.9578963506381544e+000
 -3.9603642719362426e+000
 -3.9627583866275082e+000
 -3.9650786045748858e+000
 -3.9673248384234725e+000
 -3.9694970036038053e+000
 -3.9715950183351283e+000
 -3.9736188036283671e+000
 -3.9755682832891610e+000
 -3.9774433839206336e+000
 -3.9792440349264169e+000
 -3.9809701685129197e+000
 -3.9826217196922227e+000
 -3.9841986262843814e+000
 -3.9857008289197275e+000
 -3.9871282710412022e+000
 -3.9884808989063658e+000
 -3.9897586615896072e+000
 -3.9909615109838632e+000
 -3.9920894018025210e+000
 -3.9931422915811110e+000
 -3.9941201406789695e+000
 -3.9950229122805965e+000
 -3.9958505723971900e+000
 -3.9966030898677780e+000
 -3.9999905876191537e+000
 -3.9999152891039049e+000
 -3.9997646949084049e+000
 -3.9995388107024192e+000
 -3.9992376449903455e+000
 -3.9988612091109110e+000
 -3.9984095172367158e+000
 -3.9972804363605228e+000
 -3.9978825863737040e+000
 -3.7248479122220877e+000
 -3.7310272481811517e+000
 -3.7371414119427011e+000
 -3.7431901733118895e+000
 -3.7491733045563516e+000
 -3.7550905804145409e+000
 -3.7609417781043555e+000
 -3.7667266773314654e+000
 -3.7724450602977568e+000
 -3.7780967117093462e+000
 -3.7836814187846990e+000
 -3.7891989712627647e+000
 -3.7946491614108728e+000
 -3.8053466364745350e+000
 -3.8105935186362445e+000
 -3.8157722329753465e+000
 -3.8208825845161476e+000
 -3.8358015512427674e+000
 -3.8454022566677706e+000
 -3.8406365534182321e+000
 -3.8500984815653720e+000
 -3.8308974321765645e+000
 -3.8547250513007953e+000
 -3.8681851008085264e+000
 -3.8637685311633549e+000
 -3.8768070681262321e+000
 -3.8725313343405876e+000
 -3.8810121411865457e+000
 -3.8851463952028982e+000
 -3.8892096745229696e+000
 -3.8259243808568111e+000
 -3.8000317840323317e+000
 -3.8592817916863571e+000
 -3.7186036367140223e+000
 -3.7122946567504029e+000
 -3.7059212098607319e+000
 -3.6994835360017264e+000
 -3.6929818775480943e+000
 -3.6864164792836918e+000
 -3.6797875883920086e+000
 -3.6730954544470267e+000
 -3.6595224675890590e+000
 -3.5104027537930871e+000
 -3.6526421256913331e+000
 -3.5184183779567908e+000
 -3.6456995627516622e+000
 -3.6663403294038419e+000
 -3.6316288216135071e+000
 -3.5421210485236401e+000
 -3.6173123631763535e+000
 -3.5653011923331732e+000
 -3.6027523434462863e+000
 -3.6245011731704317e+000
 -3.5342778238716455e+000
 -3.5879509551086683e+000
 -3.5729104271981762e+000
 -3.5953816818867828e+000
 -3.5499062131897650e+000
 -3.5804604428746072e+000
 -3.5576330247629628e+000
 -3.6386950401536442e+000
 -3.6100626622859142e+000
 -3.5263768345267574e+000
 -3.5023302638193736e+000
 -3.4942012119603669e+000
 -3.4860159042702490e+000
 -3.4777746489212285e+000
 -3.0957881183462050e+000
 -3.1060334111600714e+000
 -3.4611255384556716e+000
 -3.4527183101686894e+000
 -3.4442563878584336e+000
 -3.4271697375615888e+000
 -3.4357400901114716e+000
 -3.4694777561919254e+000
 -3.4185456528777420e+000
 -3.1162370624411269e+000
 -3.4098681607518198e+000
 -3.4011375878864869e+000
 -3.3923542629829346e+000
 -3.1263986880276651e+000
 -3.3746306817835268e+000
 -3.1365179053402614e+000
 -3.3656910927705082e+000
 -3.1465943333961039e+000
 -3.3835185167283188e+000
 -3.3476580007575301e+000
 -3.3385651766932636e+000
 -3.1566275928233267e+000
 -3.1666173058753975e+000
 -3.3202286841348423e+000
 -3.3109857059992316e+000
 -3.2923520259666383e+000
 -3.2829620256171719e+000
 -3.1765630964452964e+000
 -3.1864645900796020e+000
 -3.2061331970806970e+000
 -3.2352946158756164e+000
 -3.2158995699355586e+000
 -3.2640374718796279e+000
 -3.2545036309902913e+000
 -3.2449225587483159e+000
 -3.2256201648588370e+000
 -3.3294219564067231e+000
 -3.2735237224725759e+000
 -3.1963214139926834e+000
 -3.3567000862597309e+000
 -3.3016933699928028e+000
 -2.9804529665766095e+000
 -3.0123732906903129e+000
 -3.0229377008759251e+000
 -3.0439505858743323e+000
 -3.0751741525913063e+000
 -3.0855015697290429e+000
 -3.0543982695638068e+000
 -2.9911305236515444e+000
 -3.0334635980353020e+000
 -3.0648062557544060e+000
 -3.0017707652225054e+000
 -2.6564196871581629e+000
 -2.6679993028840219e+000
 -2.9697384960015833e+000
 -2.9482004293011190e+000
 -2.9589875153203171e+000
 -2.6910826499279690e+000
 -2.7025855121711149e+000
 -2.9373776440716597e+000
 -2.7140619224668829e+000
 -2.9265195671037438e+000
 -2.7255114487348053e+000
 -2.9156266071977530e+000
 -2.9046991744675541e+000
 -2.7369336599067462e+000
 -2.7483281259429209e+000
 -2.8606529626801644e+000
 -2.8495593624182138e+000
 -2.7710321076878439e+000
 -2.7823407686045081e+000
 -2.7936199748334141e+000
 -2.8827425374634341e+000
 -2.8384337767264616e+000
 -2.8717141598445011e+000
 -2.7596944178481126e+000
 -2.8048693017188313e+000
 -2.8160883257299640e+000
 -2.8937376803247932e+000
 -2.8272766244768821e+000
 -2.5629298758515264e+000
 -2.5746949190894832e+000
 -2.5864383253885332e+000
 -2.5981596526160868e+000
 -2.6098584594708050e+000
 -2.6331867511123566e+000
 -2.6448153576021425e+000
 -2.6215343054992579e+000
 -2.6795537688136672e+000
 -2.4202236737609404e+000
 -2.4322135941524365e+000
 -2.4441872419464086e+000
 -2.4561441663417845e+000
 -2.4680839171670708e+000
 -2.4919101006715980e+000
 -2.5037956363084493e+000
 -2.4800060448974928e+000
 -2.5156622043243351e+000
 -2.5275093579496861e+000
 -2.5393366511458337e+000
 -2.5511436386219315e+000
 -2.2752402431729628e+000
 -2.2873900663005906e+000
 -2.2995290693546573e+000
 -2.3116567953085285e+000
 -2.3237727875602436e+000
 -2.3600458028114195e+000
 -2.3479677467749429e+000
 -2.3721103033269015e+000
 -2.3358765899494709e+000
 -2.3961968214359111e+000
 -2.3841607940997940e+000
 -2.4082179321856230e+000
 -2.0797458551754855e+000
 -2.0920063642618416e+000
 -2.1165165290008625e+000
 -2.1287652618597095e+000
 -2.1532477227840774e+000
 -2.1654805290987427e+000
 -2.2265419043551278e+000
 -2.2143448499136218e+000
 -2.2387304296219850e+000
 -2.1777071051650583e+000
 -2.1899269906592802e+000
 -2.2021397255096495e+000
 -2.2509099668230910e+000
 -2.2630800574057690e+000
 -2.1410091467792238e+000
 -2.1042634093605601e+000
 -2.0674823437027516e+000
 -2.0552162915579304e+000
 -2.0429481605509405e+000
 -2.0306784125699662e+000
 -2.0184075095641139e+000
 -2.0061359135259429e+000
 -1.7612695703780217e+000
 -1.7734580956448587e+000
 -1.9938640864740724e+000
 -1.9815924904358897e+000
 -1.7856551500863882e+000
 -1.9693215874300518e+000
 -1.7978602744903398e+000
 -1.9325176562972664e+000
 -1.9202541448245192e+000
 -1.9447837084420707e+000
 -1.9570518394490575e+000
 -1.9079936357381815e+000
 -1.8100730093407267e+000
 -1.8589908532207666e+000
 -1.8467522772159357e+000
 -1.8712347381402794e+000
 -1.8345194709012436e+000
 -1.8222928948349384e+000
 -1.8834834709991317e+000
 -1.8957365906394283e+000
 -1.6278896966731007e+000
 -1.7126099336994141e+000
 -1.7004709306453614e+000
 -1.6399541971886031e+000
 -1.7247597568270361e+000
 -1.7490900331769073e+000
 -1.6520322532250791e+000
 -1.6883432046914644e+000
 -1.6762272124397750e+000
 -1.7369199425942465e+000
 -1.6641234100505149e+000
 -1.6158392059002151e+000
 -1.6038031785640878e+000
 -1.2630663400932487e+000
 -1.5558127580535854e+000
 -1.5677864058475628e+000
 -1.5917820678143666e+000
 -1.2744885512652051e+000
 -1.5438558336582138e+000
 -1.2859380775331437e+000
 -1.5319160828329135e+000
 -1.2974144878288671e+000
 -1.4962043636915716e+000
 -1.5080898993284144e+000
 -1.4843377956756891e+000
 -1.4724906420503352e+000
 -1.3320006971159730e+000
 -1.3435803128418147e+000
 -1.3551846423978595e+000
 -1.4370701241484785e+000
 -1.4253050809105337e+000
 -1.4135616746114830e+000
 -1.4606633488541687e+000
 -1.5797763262390672e+000
 -1.3204462311863447e+000
 -1.4018403473839200e+000
 -1.3668132488876772e+000
 -1.3901415405292006e+000
 -1.3784656945007798e+000
 -1.5199939551025112e+000
 -1.4488563613780916e+000
 -1.2516718740570885e+000
 -1.3089173500720201e+000
 -1.2176592313954930e+000
 -1.2063800251665875e+000
 -1.2289678923121665e+000
 -1.2403055821518847e+000
 -8.1353540992039941e-001
 -1.1951306982811705e+000
 -1.1839116742700428e+000
 -8.2343690355471000e-001
 -1.1504406375817828e+000
 -1.1615662232735557e+000
 -1.1393470373198338e+000
 -1.1282858401554852e+000
 -1.1727233755231277e+000
 -1.1172574625365546e+000
 -8.3338269412460741e-001
 -8.4337240717669160e-001
 -1.0953008255324590e+000
 -1.0843733928022454e+000
 -8.6348209465974068e-001
 -8.7360131197232804e-001
 -1.0734804328962768e+000
 -1.1062623196752490e+000
 -8.8376293755889113e-001
 -1.0626223559283456e+000
 -8.9396658883994329e-001
 -1.0517995706989141e+000
 -9.3519374424560997e-001
 -9.4560173043620277e-001
 -9.5604941412568967e-001
 -9.2482584740871099e-001
 -9.0421188165379818e-001
 -1.0302615039984271e+000
 -9.6653640196469570e-001
 -1.0195470334234247e+000
 -1.0088694763484607e+000
 -9.8762670930968510e-001
 -9.9822923477752579e-001
 -1.0410124846797018e+000
 -9.7706229912405662e-001
 -7.4549636900971084e-001
 -7.5507744125170084e-001
 -7.6470538412438926e-001
 -7.7437983514117903e-001
 -7.8410043006444807e-001
 -8.0367858600732167e-001
 -9.1449843027097433e-001
 -6.3430890722950350e-001
 -6.4329991374028250e-001
 -6.5234199924249336e-001
 -7.2647627752743338e-001
 -7.1703797438283434e-001
 -6.8901429400077141e-001
 -6.9830663000723103e-001
 -6.7057804359330719e-001
 -7.0764797403337010e-001
 -6.6143482330673364e-001
 -8.5340566660392059e-001
 -7.9386680291931033e-001
 -5.9013183924818924e-001
 -5.9886241211350322e-001
 -5.8145434712227584e-001
 -6.0764573701707281e-001
 -5.6425990988854002e-001
 -5.5574361214156964e-001
 -6.1648148327169050e-001
 -5.4728168983131131e-001
 -5.3887446154434748e-001
 -4.8158162204322763e-001
 -4.8959724620692902e-001
 -4.9766973618063098e-001
 -5.0579878803964429e-001
 -5.3052224380807655e-001
 -7.3596252812039076e-001
 -6.7977131586516071e-001
 -6.2536931821648722e-001
 -4.6572217612836192e-001
 -4.5787895147637292e-001
 -4.4236697523704815e-001
 -4.5009378681025697e-001
 -4.3469880766685093e-001
 -4.1953955712538193e-001
 -4.1204904489132721e-001
 -5.1398409572976156e-001
 -4.0461831811321824e-001
 -3.9724765655372435e-001
 -3.8993733771407707e-001
 -3.6837117838653577e-001
 -3.6130495984640837e-001
 -3.5430043724834942e-001
 -3.4735787430867476e-001
 -3.3365967059617496e-001
 -3.2690454555297416e-001
 -3.2021241160800207e-001
 -3.1358352071630857e-001
 -3.7549882682959007e-001
 -9.4123808475534898e-006
 -2.8770534324961139e-001
 -2.8139636328598272e-001
 -8.4710896073116512e-005
 -2.9407879013927363e-001
 -2.3530509157420771e-004
 -4.6118929757029895e-004
 -2.7515208777791766e-001
 -7.6235500964367837e-004
 -1.1387908890763611e-003
 -2.3905822189567857e-001
 -2.7195636394700996e-003
 -2.1174136262868282e-003
 -3.0701812245189986e-001
 -3.3969101322151710e-003
 -4.1494276028085121e-003
 -3.4047753241095585e-001
 -2.6897275181886526e-001
 -2.4490941958547727e-001
 -2.6285858805731716e-001
 -2.5082669544364822e-001
 -2.3327332266853804e-001
 -2.1631858121531600e-001
 -2.1080102873723586e-001
 -2.0535083858916486e-001
 -2.2190328829067346e-001
 -2.5680982668809721e-001
 -1.9996821596768100e-001
 -1.7911741548386603e-001
 -1.8422776702466906e-001
 -1.7407561914320546e-001
 -1.5459774333224258e-001
 -1.4990151843464544e-001
 -1.2746866565944329e-001
 -1.2319293187378509e-001
 -1.3181489919148337e-001
 -1.1898785881346281e-001
 -1.4527494869920027e-001
 -1.4071820831363754e-001
 -1.1485360479710685e-001
 -9.9027852101037150e-002
 -8.0856973836031118e-002
 -7.7439028377359415e-002
 -7.4093466252634105e-002
 -6.1437529286903145e-002
 -5.8455718542098835e-002
 -2.8404981664864687e-002
 -5.5547005842127593e-002
 -2.6381196371629171e-002
 -1.9029831487085588e-002
 -1.7378280307769157e-002
 -1.5801373715616577e-002
 -2.4431716710855936e-002
 -5.2711500698376670e-002
 -7.9105981974959046e-003
 -6.8577084188911628e-003
 -1.4299171080269962e-002
 -4.4645284350980682e-002
 -6.4492325813049423e-002
 -7.0820413420375039e-002
 -9.0384890161468272e-003
 -1.5904827632729039e-003
 -5.8798593210342481e-003
 -1.1519101093624929e-002
 -1.0241338410389829e-002
 -2.2755493970223786e-001
 -1.8940648136376401e-001
 -1.9465336352548232e-001
 -1.5936344658177973e-001
 -1.6910256782346411e-001
 -1.6419844875722073e-001
 -1.0287730016853981e-001
 -1.0679817383343287e-001
 -9.5249974560469505e-002
 -8.4347173944934850e-002
 -4.7260537339957685e-002
 -3.7241613372490934e-002
 -1.3623146883666473e-001
 -3.0502996396191726e-002
 -9.1543809781789096e-002
 -8.7909497300007716e-002
 -2.0755965073599413e-002
 -3.2675161576540636e-002
 -4.9770877193930276e-003
 -3.9635728063765523e-002
 -3.4921395425117976e-002
 -1.2871728958809154e-002
 -1.1079032547704075e-001
 -6.7619993109175880e-002
 -2.2556616079352491e-002
 -4.9949309866011690e-002
 -4.2103649361876085e-002
 -5.2222535107877510e-001
 -4.7362316547324035e-001
 -4.2708957280182935e-001
 -3.8268763682365009e-001
 -3.0051646399829279e-001
 -5.7283026243841340e-001
