  -3.9994664162232887e+00
  -3.9951994541274485e+00
  -3.9866746358479062e+00
  -3.9739101537764925e+00
  -3.9569332479612220e+00
  -3.9357801479746422e+00
  -3.9104959955981560e+00
  -3.8811347484871339e+00
  -3.8477590650225806e+00
  -3.8104401705949642e+00
  -3.7692577056057175e+00
  -3.7242995555105041e+00
  -3.6756616632673147e+00
  -3.6234478245893267e+00
  -3.5677694664395880e+00
  -3.5087454092403219e+00
  -3.4465016133041453e+00
  -3.3811709100283460e+00
  -3.3128927184260863e+00
  -3.2418127475991563e+00
  -3.1680826857873523e+00
  -3.0918598766582686e+00
  -3.0133069835278325e+00
  -2.9325916422286968e+00
  -2.8498861033668446e+00
  -2.7653668647301837e+00
  -2.6792142946333271e+00
  -2.5916122470025407e+00
  -2.5027476690222028e+00
  -2.4128102021800784e+00
  -2.3219917775628245e+00
  -2.2304862062653976e+00
  -2.1384887657883866e+00
  -2.0461957833060005e+00
  -1.9538042166939948e+00
  -1.8615112342116154e+00
  -1.7695137937346084e+00
  -1.6780082224371751e+00
  -1.5871897978199210e+00
  -1.4972523309777945e+00
  -1.4083877529974569e+00
  -1.3207857053666792e+00
  -1.2346331352698152e+00
  -5.3358377672468264e-04
  -4.8005458725660383e-03
  -1.3325364152099891e-02
  -2.6089846223508840e-02
  -4.3066752038781769e-02
  -6.4219852025354518e-02
  -8.9504004401840309e-02
  -1.1886525151286498e-01
  -1.5224093497742622e-01
  -1.8955982940503521e-01
  -2.3074229439428826e-01
  -2.7570044448949738e-01
  -3.2433833673268325e-01
  -3.7655217541067748e-01
  -4.3223053356041308e-01
  -4.9125459075967293e-01
  -5.5349838669586082e-01
  -6.1882908997165786e-01
  -6.8710728157391465e-01
  -7.5818725240085749e-01
  -1.1501138966331579e+00
  -8.3191731421264725e-01
  -9.0814012334173111e-01
  -1.0674083577713045e+00
  -9.8669301647216257e-01
