  -3.9994964698850164e+00
  -3.9954697500929099e+00
  -3.9874244197864797e+00
  -3.9753766811902751e+00
  -3.9593507968464721e+00
  -3.9393790407533720e+00
  -3.9155016333698565e+00
  -3.8877666606167249e+00
  -3.8562299770380735e+00
  -3.8209550933176368e+00
  -3.7820130483767347e+00
  -3.7394822663113905e+00
  -3.6934483984565607e+00
  -3.6440041508958161e+00
  -3.5912490977635634e+00
  -3.5352894807160271e+00
  -3.4762379949746904e+00
  -3.4142135623730923e+00
  -3.3493410918641469e+00
  -3.2817512279700436e+00
  -3.2115800876816354e+00
  -3.1389689863369066e+00
  -3.0640641530306691e+00
  -2.9870164361286968e+00
  -2.9079809994790939e+00
  -2.8271170099330520e+00
  -2.7445873168038890e+00
  -2.6605581239103340e+00
  -2.5751986548640340e+00
  -2.4886808122757871e+00
  -2.4011788315665492e+00
  -2.3128689300804632e+00
  -2.2239289522066197e+00
  -2.1345380112240848e+00
  -2.0448761285916088e+00
  -1.9551238714083901e+00
  -1.8654619887759176e+00
  -1.7760710477933841e+00
  -1.6871310699195381e+00
  -1.5988211684334552e+00
  -1.5113191877242147e+00
  -1.4248013451359656e+00
  -1.3394418760896660e+00
  -1.2554126831961112e+00
  -1.1728829900669577e+00
  -5.0353011498700893e-04
  -4.5302499070874504e-03
  -1.2575580213515540e-02
  -2.4623318809725358e-02
  -4.0649203153528858e-02
  -6.0620959246626138e-02
  -8.4498366630139557e-02
  -1.1223333938326557e-01
  -1.4377002296192190e-01
  -1.7904490668236775e-01
  -2.1798695162326392e-01
  -2.6051773368860920e-01
  -3.0655160154343197e-01
  -3.5599584910418097e-01
  -4.0875090223643834e-01
  -4.6471051928397755e-01
  -5.2376200502531811e-01
  -5.8578643762690408e-01
  -6.5065890813585225e-01
  -7.1824877202995163e-01
  -7.8841991231836051e-01
  -8.6103101366309631e-01
  -1.0920190005209076e+00
  -9.3593584696932752e-01
  -1.0129835638713069e+00
