  -3.9995240541598167e+00
  -3.9957178464772034e+00
  -3.9881126764446355e+00
  -3.9767230209355224e+00
  -3.9615705608064555e+00
  -3.9426841396265218e+00
  -3.9200997087718443e+00
  -3.8938602589902160e+00
  -3.8640157385655916e+00
  -3.8306229582388860e+00
  -3.7937454830653707e+00
  -3.7534535114150165e+00
  -3.7098237413458879e+00
  -3.6629392246050885e+00
  -3.6128892085349631e+00
  -3.5597689661857608e+00
  -3.5036796149579512e+00
  -3.4447279241195177e+00
  -3.3830261115645355e+00
  -3.3186916302001377e+00
  -3.2518469443681091e+00
  -3.1826192967271538e+00
  -3.1111404660391972e+00
  -3.0375465163210325e+00
  -2.9619775378387621e+00
  -2.8845773804379946e+00
  -2.8054933797174777e+00
  -2.7248760765674058e+00
  -2.6428789306063227e+00
  -2.5596580280619921e+00
  -2.4753717846523537e+00
  -2.3901806440322533e+00
  -2.3042467723798237e+00
  -2.2177337497039291e+00
  -2.1308062584602863e+00
  -2.0436297700691237e+00
  -1.9563702299308785e+00
  -1.8691937415397124e+00
  -1.7822662502960689e+00
  -1.6957532276201674e+00
  -1.6098193559677458e+00
  -1.5246282153476591e+00
  -1.4403419719380168e+00
  -1.3571210693936768e+00
  -1.2751239234325979e+00
  -1.1945066202825259e+00
  -4.7594584018210637e-04
  -4.2821535227932413e-03
  -1.1887323555361491e-02
  -2.3276979064479314e-02
  -3.8429439193540110e-02
  -5.7315860373477433e-02
  -7.9900291228143100e-02
  -1.0613974100978907e-01
  -1.3598426143440376e-01
  -1.6937704176110649e-01
  -2.0625451693462427e-01
  -2.4654648858498585e-01
  -2.9017625865410762e-01
  -3.3706077539491019e-01
  -3.8711079146503402e-01
  -4.4023103381423673e-01
  -4.9632038504204506e-01
  -5.5527207588048877e-01
  -6.1697388843546153e-01
  -6.8130836979986231e-01
  -7.4815305563188272e-01
  -8.1738070327283541e-01
  -1.1154226195619983e+00
  -8.8885953396079653e-01
  -1.0380224621612253e+00
  -9.6245348367895844e-01
