 -3.9999906059758015e+000
 -3.9999624239914513e+000
 -3.9999154543116906e+000
 -3.9998496973777553e+000
 -3.9997651538073655e+000
 -3.9996618243947291e+000
 -3.9995397101105215e+000
 -3.9993988121018895e+000
 -3.9992391316924309e+000
 -3.9990606703821907e+000
 -3.9988634298476322e+000
 -3.9986474119416440e+000
 -3.9984126186935018e+000
 -3.9981590523088575e+000
 -3.9978867151697211e+000
 -3.9975956098344336e+000
 -3.9972857390376486e+000
 -3.9969571056902939e+000
 -3.9966097128795677e+000
 -3.9962435638688762e+000
 -3.9958586620978402e+000
 -3.9954550111822318e+000
 -3.9950326149139594e+000
 -3.9945914772610220e+000
 -3.9941316023674833e+000
 -3.9936529945534107e+000
 -3.9931556583148624e+000
 -3.9926395983238248e+000
 -3.9921048194281812e+000
 -3.9915513266516549e+000
 -3.9909791251937685e+000
 -3.9903882204298031e+000
 -3.9897786179107273e+000
 -3.9891503233631602e+000
 -3.9885033426893211e+000
 -3.9878376819669579e+000
 -3.9871533474493077e+000
 -3.9864503455650202e+000
 -3.9857286829181167e+000
 -3.9849883662879115e+000
 -3.9842294026289569e+000
 -3.9834517990709761e+000
 -3.9826555629187945e+000
 -3.9818407016522790e+000
 -3.9810072229262508e+000
 -3.9801551345704289e+000
 -3.9792844445893554e+000
 -3.9783951611623096e+000
 -3.9774872926432443e+000
 -3.9765608475606973e+000
 -3.9756158346177171e+000
 -3.9746522626917775e+000
 -3.9736701408346931e+000
 -3.9726694782725449e+000
 -3.9716502844055790e+000
 -3.9706125688081313e+000
 -3.9695563412285217e+000
 -3.9684816115889809e+000
 -3.9673883899855431e+000
 -3.9662766866879613e+000
 -3.9651465121395986e+000
 -3.9639978769573472e+000
 -3.9628307919315091e+000
 -3.9616452680257130e+000
 -3.9604413163767980e+000
 -3.9592189482947160e+000
 -3.9579781752624186e+000
 -3.9567190089357651e+000
 -3.9554414611433830e+000
 -3.9541455438865984e+000
 -3.9528312693392831e+000
 -3.9514986498477658e+000
 -3.9501476979307073e+000
 -3.9487784262789800e+000
 -3.9473908477555586e+000
 -3.9459849753953851e+000
 -3.9445608224052608e+000
 -3.9431184021637136e+000
 -3.9416577282208731e+000
 -3.9401788142983456e+000
 -3.9386816742890867e+000
 -3.9371663222572622e+000
 -3.9356327724381295e+000
 -3.9340810392378862e+000
 -3.9325111372335617e+000
 -3.9309230811728448e+000
 -3.9293168859739738e+000
 -3.9276925667255917e+000
 -3.9260501386865876e+000
 -3.9243896172859696e+000
 -3.9227110181227158e+000
 -3.9210143569656299e+000
 -3.9192996497531865e+000
 -3.9175669125933870e+000
 -3.9158161617636065e+000
 -3.9140474137104406e+000
 -3.9122606850495485e+000
 -3.9104559925655056e+000
 -3.9086333532116391e+000
 -3.9067927841098600e+000
 -3.9049343025505259e+000
 -3.9030579259922513e+000
 -3.9011636720617715e+000
 -3.8992515585537451e+000
 -3.8973216034306195e+000
 -3.8953738248224341e+000
 -3.8934082410266728e+000
 -3.8914248705080725e+000
 -3.8894237318984692e+000
 -3.8874048439966060e+000
 -3.8853682257679600e+000
 -3.8833138963445797e+000
 -3.8812418750248789e+000
 -3.8791521812734793e+000
 -3.8770448347210134e+000
 -3.8749198551639474e+000
 -3.8727772625643881e+000
 -3.8706170770499040e+000
 -3.8684393189133313e+000
 -3.8662440086125787e+000
 -3.8640311667704466e+000
 -3.8618008141744276e+000
 -3.8595529717765005e+000
 -3.8572876606929603e+000
 -3.8550049022041879e+000
 -3.8527047177544773e+000
 -3.8503871289518083e+000
 -3.8480521575676723e+000
 -3.8456998255368475e+000
 -3.8433301549571937e+000
 -3.8409431680894581e+000
 -3.8385388873570512e+000
 -3.8361173353458424e+000
 -3.8336785348039530e+000
 -3.8312225086415346e+000
 -3.8287492799305536e+000
 -3.8262588719045825e+000
 -3.8237513079585725e+000
 -3.8212266116486417e+000
 -3.8186848066918473e+000
 -3.8161259169659689e+000
 -3.8135499665092776e+000
 -3.8109569795203102e+000
 -3.8083469803576553e+000
 -3.8057199935397068e+000
 -3.8030760437444373e+000
 -3.8004151558091817e+000
 -3.7977373547303817e+000
 -3.7950426656633680e+000
 -3.7923311139221116e+000
 -3.7896027249789963e+000
 -3.7868575244645775e+000
 -3.7840955381673314e+000
 -3.7813167920334241e+000
 -3.7785213121664656e+000
 -3.7757091248272618e+000
 -3.7728802564335662e+000
 -3.7700347335598399e+000
 -3.7671725829369938e+000
 -3.7642938314521364e+000
 -3.7613985061483315e+000
 -3.7584866342243339e+000
 -3.7555582430343413e+000
 -3.7526133600877269e+000
 -3.7496520130487974e+000
 -3.7466742297365134e+000
 -3.7436800381242494e+000
 -3.7406694663395101e+000
 -3.7376425426636786e+000
 -3.7345992955317504e+000
 -3.7315397535320680e+000
 -3.7284639454060331e+000
 -3.7253719000478709e+000
 -3.7222636465043224e+000
 -3.7191392139744011e+000
 -3.7159986318091027e+000
 -3.7128419295111321e+000
 -3.7096691367346204e+000
 -3.7064802832848667e+000
 -3.7032753991180369e+000
 -3.7000545143408883e+000
 -3.6968176592104909e+000
 -3.6935648641339407e+000
 -3.6902961596680730e+000
 -3.6870115765191769e+000
 -3.6837111455427043e+000
 -3.6803948977429872e+000
 -3.6770628642729348e+000
 -3.6737150764337509e+000
 -3.6703515656746353e+000
 -3.6669723635924898e+000
 -3.6635775019316217e+000
 -3.6601670125834413e+000
 -3.6567409275861693e+000
 -3.6532992791245316e+000
 -3.6498420995294549e+000
 -3.6463694212777709e+000
 -3.6428812769919015e+000
 -3.6393776994395592e+000
 -3.6358587215334350e+000
 -3.6323243763308963e+000
 -3.6287746970336610e+000
 -3.6252097169875062e+000
 -3.6216294696819409e+000
 -3.6180339887498953e+000
 -3.6144233079674031e+000
 -3.6107974612532860e+000
 -3.6071564826688398e+000
 -3.6035004064175005e+000
 -3.5998292668445395e+000
 -3.5961430984367304e+000
 -3.5924419358220283e+000
 -3.5887258137692464e+000
 -3.5849947671877196e+000
 -3.5812488311269965e+000
 -3.5774880407764873e+000
 -3.5737124314651472e+000
 -3.5699220386611428e+000
 -3.5661168979715150e+000
 -3.5622970451418481e+000
 -3.5584625160559349e+000
 -3.5546133467354286e+000
 -3.5507495733395231e+000
 -3.5468712321645994e+000
 -3.5429783596438842e+000
 -3.5390709923471224e+000
 -3.5351491669802098e+000
 -3.5312129203848759e+000
 -3.5272622895383097e+000
 -3.5232973115528363e+000
 -3.5193180236755572e+000
 -3.5153244632879947e+000
 -3.5113166679057550e+000
 -3.5072946751781640e+000
 -3.5032585228879163e+000
 -3.4992082489507279e+000
 -3.4951438914149673e+000
 -3.4910654884613095e+000
 -3.4869730784023698e+000
 -3.4828666996823485e+000
 -3.4787463908766614e+000
 -3.4746121906915968e+000
 -3.4704641379639258e+000
 -3.4663022716605560e+000
 -3.4621266308781666e+000
 -3.4579372548428222e+000
 -3.4537341829096242e+000
 -3.4495174545623319e+000
 -3.4452871094129933e+000
 -3.4410431872015752e+000
 -3.4367857277955811e+000
 -3.4325147711896915e+000
 -3.4282303575053756e+000
 -3.4239325269905172e+000
 -3.4196213200190400e+000
 -3.4152967770905303e+000
 -3.4109589388298462e+000
 -3.4066078459867470e+000
 -3.4022435394355015e+000
 -3.3978660601745125e+000
 -3.3934754493259272e+000
 -3.3890717481352493e+000
 -3.3846549979709537e+000
 -3.3802252403241000e+000
 -3.3757825168079383e+000
 -3.3713268691575196e+000
 -3.3668583392293030e+000
 -3.3623769690007754e+000
 -3.3578828005700307e+000
 -3.3533758761553942e+000
 -3.3488562380950273e+000
 -3.3443239288465190e+000
 -3.3397789909864892e+000
 -3.3352214672101979e+000
 -3.3306514003311296e+000
 -3.3260688332806057e+000
 -3.3214738091073723e+000
 -3.3168663709771966e+000
 -3.3122465621724633e+000
 -3.3076144260917686e+000
 -3.3029700062495122e+000
 -3.2983133462754841e+000
 -3.2936444899144650e+000
 -3.2889634810258017e+000
 -3.2842703635830035e+000
 -3.2795651816733309e+000
 -3.2748479794973782e+000
 -3.2701188013686528e+000
 -3.2653776917131743e+000
 -3.2606246950690343e+000
 -3.2558598560860039e+000
 -3.2510832195250945e+000
 -3.2462948302581456e+000
 -3.2414947332673991e+000
 -3.2366829736450851e+000
 -3.2318595965929897e+000
 -3.2270246474220334e+000
 -3.2221781715518447e+000
 -3.2173202145103375e+000
 -3.2124508219332752e+000
 -3.2075700395638513e+000
 -3.2026779132522516e+000
 -3.1977744889552318e+000
 -3.1928598127356778e+000
 -3.1879339307621746e+000
 -3.1829968893085789e+000
 -3.1780487347535762e+000
 -3.1730895135802508e+000
 -3.1681192723756477e+000
 -3.1631380578303312e+000
 -3.1581459167379520e+000
 -3.1531428959948022e+000
 -3.1481290425993840e+000
 -3.1431044036519538e+000
 -3.1380690263540938e+000
 -3.1330229580082580e+000
 -3.1279662460173383e+000
 -3.1228989378842056e+000
 -3.1178210812112779e+000
 -3.1127327237000597e+000
 -3.1076339131507069e+000
 -3.1025246974615732e+000
 -3.0974051246287488e+000
 -3.0922752427456284e+000
 -3.0871351000024423e+000
 -3.0819847446858217e+000
 -3.0768242251783224e+000
 -3.0716535899579931e+000
 -3.0664728875979064e+000
 -3.0612821667657055e+000
 -3.0560814762231492e+000
 -3.0508708648256451e+000
 -3.0456503815218094e+000
 -3.0404200753529844e+000
 -3.0351799954527929e+000
 -3.0299301910466734e+000
 -3.0246707114514151e+000
 -3.0194016060746969e+000
 -3.0141229244146261e+000
 -3.0088347160592579e+000
 -3.0035370306861546e+000
 -2.9982299180618965e+000
 -2.9929134280416325e+000
 -2.9875876105685975e+000
 -2.9822525156736486e+000
 -2.9769081934747974e+000
 -2.9715546941767363e+000
 -2.9661920680703675e+000
 -2.9608203655323306e+000
 -2.9554396370245262e+000
 -2.9500499330936503e+000
 -2.9446513043707125e+000
 -2.9392438015705626e+000
 -2.9338274754914107e+000
 -2.9284023770143559e+000
 -2.9229685571029038e+000
 -2.9175260668024920e+000
 -2.9120749572400029e+000
 -2.9066152796232920e+000
 -2.9011470852407100e+000
 -2.8956704254605978e+000
 -2.8901853517308327e+000
 -2.8846919155783319e+000
 -2.8791901686085701e+000
 -2.8736801625050847e+000
 -2.8681619490290102e+000
 -2.8626355800185816e+000
 -2.8571011073886301e+000
 -2.8515585831301506e+000
 -2.8460080593097157e+000
 -2.8404495880691116e+000
 -2.8348832216247275e+000
 -2.8293090122671609e+000
 -2.8237270123606701e+000
 -2.8181372743426767e+000
 -2.8125398507233395e+000
 -2.8069347940849836e+000
 -2.8013221570816405e+000
 -2.7957019924385600e+000
 -2.7900743529517036e+000
 -2.7844392914872658e+000
 -2.7787968609811351e+000
 -2.7731471144384456e+000
 -2.7674901049330551e+000
 -2.7618258856070450e+000
 -2.7561545096702287e+000
 -2.7504760303996529e+000
 -2.7447905011390845e+000
 -2.7390979752985203e+000
 -2.7333985063536974e+000
 -2.7276921478455520e+000
 -2.7219789533797645e+000
 -2.7162589766262140e+000
 -2.7105322713185038e+000
 -2.7047988912534446e+000
 -2.6990588902905439e+000
 -2.6933123223515096e+000
 -2.6875592414197409e+000
 -2.6817997015398207e+000
 -2.6760337568170049e+000
 -2.6702614614167173e+000
 -2.6644828695640399e+000
 -2.6586980355432126e+000
 -2.6529070136970891e+000
 -2.6471098584266834e+000
 -2.6413066241906105e+000
 -2.6354973655045844e+000
 -2.6296821369409322e+000
 -2.6238609931280465e+000
 -2.6180339887498971e+000
 -2.6122011785454937e+000
 -2.6063626173084105e+000
 -2.6005183598862227e+000
 -2.5946684611800315e+000
 -2.5888129761439287e+000
 -2.5829519597844741e+000
 -2.5770854671602028e+000
 -2.5712135533810878e+000
 -2.5653362736080285e+000
 -2.5594536830523356e+000
 -2.5535658369752037e+000
 -2.5476727906872059e+000
 -2.5417745995477548e+000
 -2.5358713189646087e+000
 -2.5299630043933208e+000
 -2.5240497113367488e+000
 -2.5181314953445053e+000
 -2.5122084120124537e+000
 -2.5062805169821871e+000
 -2.5003478659404887e+000
 -2.4944105146188322e+000
 -2.4884685187928381e+000
 -2.4825219342817535e+000
 -2.4765708169479450e+000
 -2.4706152226963471e+000
 -2.4646552074739585e+000
 -2.4586908272693084e+000
 -2.4527221381119237e+000
 -2.4467491960718197e+000
 -2.4407720572589593e+000
 -2.4347907778227231e+000
 -2.4288054139513990e+000
 -2.4228160218716366e+000
 -2.4168226578479364e+000
 -2.4108253781820976e+000
 -2.4048242392127190e+000
 -2.3988192973146392e+000
 -2.3928106088984253e+000
 -2.3867982304098505e+000
 -2.3807822183293359e+000
 -2.3747626291714505e+000
 -2.3687395194843526e+000
 -2.3627129458492901e+000
 -2.3566829648800347e+000
 -2.3506496332223765e+000
 -2.3446130075535763e+000
 -2.3385731445818450e+000
 -2.3325301010457977e+000
 -2.3264839337139391e+000
 -2.3204346993841032e+000
 -2.3143824548829470e+000
 -2.3083272570653999e+000
 -2.3022691628141416e+000
 -2.2962082290390522e+000
 -2.2901445126766893e+000
 -2.2840780706897554e+000
 -2.2780089600665478e+000
 -2.2719372378204477e+000
 -2.2658629609893484e+000
 -2.2597861866351616e+000
 -2.2537069718432527e+000
 -2.2476253737219065e+000
 -2.2415414494018089e+000
 -2.2354552560354919e+000
 -2.2293668507968007e+000
 -2.2232762908803614e+000
 -2.2171836335010475e+000
 -2.2110889358934194e+000
 -2.2049922553112196e+000
 -2.1988936490268145e+000
 -2.1927931743306561e+000
 -2.1866908885307539e+000
 -2.1805868489521263e+000
 -2.1744811129362702e+000
 -2.1683737378406143e+000
 -2.1622647810379925e+000
 -2.1561542999160905e+000
 -2.1500423518769183e+000
 -2.1439289943362572e+000
 -2.1378142847231429e+000
 -2.1316982804793025e+000
 -2.1255810390586287e+000
 -2.1194626179266338e+000
 -2.1133430745599164e+000
 -2.1072224664456134e+000
 -2.1011008510808620e+000
 -2.0949782859722741e+000
 -2.0888548286353665e+000
 -2.0827305365940494e+000
 -2.0766054673800718e+000
 -2.0704796785324766e+000
 -2.0643532275970764e+000
 -2.0582261721259019e+000
 -2.0520985696766498e+000
 -2.0459704778121810e+000
 -2.0398419540999275e+000
 -2.0337130561113956e+000
 -2.0275838414215954e+000
 -2.0214543676085257e+000
 -2.0153246922526016e+000
 -2.0091948729361562e+000
 -2.0030649672428451e+000
 -1.9969350327571591e+000
 -1.9908051270638487e+000
 -1.9846753077473971e+000
 -1.9785456323914774e+000
 -1.9724161585784039e+000
 -1.9662869438886057e+000
 -1.9601580459000731e+000
 -1.9540295221878199e+000
 -1.9479014303233484e+000
 -1.9417738278741015e+000
 -1.9356467724029223e+000
 -1.9295203214675236e+000
 -1.9233945326199291e+000
 -1.9172694634059515e+000
 -1.9111451713646335e+000
 -1.9050217140277266e+000
 -1.8988991489191374e+000
 -1.8927775335543897e+000
 -1.8866569254400865e+000
 -1.8805373820733682e+000
 -1.8744189609413739e+000
 -1.8683017195206999e+000
 -1.8621857152768591e+000
 -1.8560710056637455e+000
 -1.8499576481230853e+000
 -1.8438457000839121e+000
 -1.8377352189620082e+000
 -1.8316262621593862e+000
 -1.8255188870637318e+000
 -1.8194131510478755e+000
 -1.8133091114692472e+000
 -1.8072068256693441e+000
 -1.8011063509731864e+000
 -1.7950077446887802e+000
 -1.7889110641065813e+000
 -1.7828163664989547e+000
 -1.7767237091196377e+000
 -1.7706331492031993e+000
 -1.7645447439645086e+000
 -1.7584585505981911e+000
 -1.7523746262780939e+000
 -1.7462930281567506e+000
 -1.7402138133648393e+000
 -1.7341370390106527e+000
 -1.7280627621795555e+000
 -1.7219910399334517e+000
 -1.7159219293102455e+000
 -1.7098554873233105e+000
 -1.7037917709609482e+000
 -1.6977308371858584e+000
 -1.6916727429345997e+000
 -1.6856175451170536e+000
 -1.6795653006158977e+000
 -1.6735160662860620e+000
 -1.6674698989542009e+000
 -1.6614268554181546e+000
 -1.6553869924464242e+000
 -1.6493503667776241e+000
 -1.6433170351199662e+000
 -1.6372870541507116e+000
 -1.6312604805156463e+000
 -1.6252373708285524e+000
 -1.6192177816706645e+000
 -1.6132017695901497e+000
 -1.6071893911015740e+000
 -1.6011807026853613e+000
 -1.5951757607872821e+000
 -1.5891746218179019e+000
 -1.5831773421520645e+000
 -1.5771839781283623e+000
 -1.5711945860486032e+000
 -1.5652092221772789e+000
 -1.5592279427410434e+000
 -1.5532508039281789e+000
 -1.5472778618880760e+000
 -1.5413091727306918e+000
 -1.5353447925260411e+000
 -1.5293847773036524e+000
 -1.5234291830520561e+000
 -1.5174780657182474e+000
 -1.5115314812071632e+000
 -1.5055894853811673e+000
 -1.4996521340595104e+000
 -1.4937194830178127e+000
 -1.4877915879875467e+000
 -1.4818685046554951e+000
 -1.4759502886632512e+000
 -1.4700369956066770e+000
 -1.4641286810353908e+000
 -1.4582254004522437e+000
 -1.4523272093127961e+000
 -1.4464341630247957e+000
 -1.4405463169476656e+000
 -1.4346637263919721e+000
 -1.4287864466189131e+000
 -1.4229145328397976e+000
 -1.4170480402155259e+000
 -1.4111870238560740e+000
 -1.4053315388199674e+000
 -1.3994816401137760e+000
 -1.3936373826915895e+000
 -1.3877988214545049e+000
 -1.3819660112501060e+000
 -1.3761390068719530e+000
 -1.3703178630590662e+000
 -1.3645026344954134e+000
 -1.3586933758093920e+000
 -1.3528901415733154e+000
 -1.3470929863029095e+000
 -1.3413019644567905e+000
 -1.3355171304359581e+000
 -1.3297385385832816e+000
 -1.3239662431829948e+000
 -1.3182002984601797e+000
 -1.3124407585802569e+000
 -1.3066876776484915e+000
 -1.3009411097094561e+000
 -1.2952011087465567e+000
 -1.2894677286814946e+000
 -1.2837410233737858e+000
 -1.2780210466202362e+000
 -1.2723078521544460e+000
 -1.2666014936463053e+000
 -1.2609020247014784e+000
 -1.2552094988609168e+000
 -1.2495239696003475e+000
 -1.2438454903297704e+000
 -1.2381741143929532e+000
 -1.2325098950669435e+000
 -1.2268528855615524e+000
 -1.2212031390188636e+000
 -1.2155607085127333e+000
 -1.2099256470482913e+000
 -1.2042980075614413e+000
 -1.1986778429183615e+000
 -1.1930652059150193e+000
 -1.1874601492766583e+000
 -1.1818627256573202e+000
 -1.1762729876393367e+000
 -1.1706909877328373e+000
 -1.1651167783752714e+000
 -1.1595504119308913e+000
 -1.1539919406902814e+000
 -1.1484414168698545e+000
 -1.1428988926113641e+000
 -1.1373644199814177e+000
 -1.1318380509709873e+000
 -1.1263198374949128e+000
 -1.1208098313914303e+000
 -1.1153080844216654e+000
 -1.1098146482691678e+000
 -1.1043295745394046e+000
 -1.0988529147592918e+000
 -1.0933847203767058e+000
 -1.0879250427599974e+000
 -1.0824739331975091e+000
 -1.0770314428970957e+000
 -1.0715976229856434e+000
 -1.0661725245085882e+000
 -1.0607561984294367e+000
 -1.0553486956292857e+000
 -1.0499500669063480e+000
 -1.0445603629754749e+000
 -1.0391796344676703e+000
 -1.0338079319296334e+000
 -1.0284453058232637e+000
 -1.0230918065252044e+000
 -1.0177474843263534e+000
 -1.0124123894314068e+000
 -1.0070865719583706e+000
 -1.0017700819381081e+000
 -9.9646296931385159e-001
 -9.9116528394074677e-001
 -9.8587707558537852e-001
 -9.8059839392530290e-001
 -9.7532928854858369e-001
 -9.7006980895332606e-001
 -9.6482000454720696e-001
 -9.5957992464701591e-001
 -9.5434961847819011e-001
 -9.4912913517435316e-001
 -9.4391852377685026e-001
 -9.3871783323429314e-001
 -9.3352711240209263e-001
 -9.2834641004200713e-001
 -9.2317577482167812e-001
 -9.1801525531417982e-001
 -9.1286489999755704e-001
 -9.0772475725437185e-001
 -9.0259487537125027e-001
 -8.9747530253842633e-001
 -8.9236608684928997e-001
 -8.8726727629993918e-001
 -8.8217891878872212e-001
 -8.7710106211579397e-001
 -8.7203375398266092e-001
 -8.6697704199174075e-001
 -8.6193097364590565e-001
 -8.5689559634804513e-001
 -8.5187095740061469e-001
 -8.4685710400519632e-001
 -8.4185408326204736e-001
 -8.3686194216966880e-001
 -8.3188072762435084e-001
 -8.2691048641974785e-001
 -8.2195126524642226e-001
 -8.1700311069142051e-001
 -8.1206606923782376e-001
 -8.0714018726432102e-001
 -8.0222551104476636e-001
 -7.9732208674774641e-001
 -7.9242996043614788e-001
 -7.8754917806672387e-001
 -7.8267978548966233e-001
 -7.7782182844815362e-001
 -7.7297535257796612e-001
 -7.6814040340700962e-001
 -7.6331702635491383e-001
 -7.5850526673260077e-001
 -7.5370516974185542e-001
 -7.4891678047490429e-001
 -7.4414014391399408e-001
 -7.3937530493096426e-001
 -7.3462230828682551e-001
 -7.2988119863134460e-001
 -7.2515202050262018e-001
 -7.2043481832666711e-001
 -7.1572963641699483e-001
 -7.1103651897419751e-001
 -7.0635551008553299e-001
 -7.0168665372451244e-001
 -6.9702999375048591e-001
 -6.9238557390822930e-001
 -6.8775343782753595e-001
 -6.8313362902280339e-001
 -6.7852619089262689e-001
 -6.7393116671939268e-001
 -6.6934859966886862e-001
 -6.6477853278980159e-001
 -6.6022100901350877e-001
 -6.5567607115347948e-001
 -6.5114376190497036e-001
 -6.4662412384460266e-001
 -6.4211719942996914e-001
 -6.3762303099922191e-001
 -6.3314166077069334e-001
 -6.2867313084247933e-001
 -6.2421748319205939e-001
 -6.1977475967589690e-001
 -6.1534500202904352e-001
 -6.1092825186474808e-001
 -6.0652455067407030e-001
 -6.0213393982548535e-001
 -5.9775646056449749e-001
 -5.9339215401325263e-001
 -5.8904106117015242e-001
 -5.8470322290946919e-001
 -5.8037867998095904e-001
 -5.7606747300948369e-001
 -5.7176964249462581e-001
 -5.6748522881030905e-001
 -5.6321427220441900e-001
 -5.5895681279842513e-001
 -5.5471289058700557e-001
 -5.5048254543766661e-001
 -5.4626581709037525e-001
 -5.4206274515717645e-001
 -5.3787336912183170e-001
 -5.3369772833944129e-001
 -5.2953586203607317e-001
 -5.2538780930840356e-001
 -5.2125360912333762e-001
 -5.1713330031765326e-001
 -5.1302692159763030e-001
 -5.0893451153869040e-001
 -5.0485610858503271e-001
 -5.0079175104927209e-001
 -4.9674147711208300e-001
 -4.9270532482183582e-001
 -4.8868333209424469e-001
 -4.8467553671200442e-001
 -4.8068197632444204e-001
 -4.7670268844716213e-001
 -4.7273771046169055e-001
 -4.6878707961512506e-001
 -4.6485083301978947e-001
 -4.6092900765287775e-001
 -4.5702164035611403e-001
 -4.5312876783539985e-001
 -4.4925042666047488e-001
 -4.4538665326456867e-001
 -4.4153748394406422e-001
 -4.3770295485814908e-001
 -4.3388310202848301e-001
 -4.3007796133885651e-001
 -4.2628756853485261e-001
 -4.2251195922351331e-001
 -4.1875116887300373e-001
 -4.1500523281227969e-001
 -4.1127418623075540e-001
 -4.0755806417797114e-001
 -4.0385690156326970e-001
 -4.0017073315546031e-001
 -3.9649959358249970e-001
 -3.9284351733116102e-001
 -3.8920253874671312e-001
 -3.8557669203259676e-001
 -3.8196601125010521e-001
 -3.7837053031805884e-001
 -3.7479028301249362e-001
 -3.7122530296633932e-001
 -3.6767562366910550e-001
 -3.6414127846656463e-001
 -3.6062230056044031e-001
 -3.5711872300809777e-001
 -3.5363057872222825e-001
 -3.5015790047054357e-001
 -3.4670072087546794e-001
 -3.4325907241382947e-001
 -3.3983298741655804e-001
 -3.3642249806837754e-001
 -3.3302763640750893e-001
 -3.2964843432536384e-001
 -3.2628492356624839e-001
 -3.2293713572706528e-001
 -3.1960510225701227e-001
 -3.1628885445729421e-001
 -3.1298842348082295e-001
 -3.0970384033192710e-001
 -3.0643513586605875e-001
 -3.0318234078950845e-001
 -2.9994548565911117e-001
 -2.9672460088196262e-001
 -2.9351971671513211e-001
 -2.9033086326537927e-001
 -2.8715807048886943e-001
 -2.8400136819089655e-001
 -2.8086078602559755e-001
 -2.7773635349567738e-001
 -2.7462809995213011e-001
 -2.7153605459396579e-001
 -2.6846024646793237e-001
 -2.6540070446824704e-001
 -2.6235745733632093e-001
 -2.5933053366049003e-001
 -2.5631996187575029e-001
 -2.5332577026348502e-001
 -2.5034798695120308e-001
 -2.4738663991227272e-001
 -2.4444175696565940e-001
 -2.4151336577566565e-001
 -2.3860149385166862e-001
 -2.3570616854786350e-001
 -2.3282741706300580e-001
 -2.2996526644015808e-001
 -2.2711974356643130e-001
 -2.2429087517273713e-001
 -2.2147868783353325e-001
 -2.1868320796657489e-001
 -2.1590446183266834e-001
 -2.1314247553542220e-001
 -2.1039727502100244e-001
 -2.0766888607788900e-001
 -2.0495733433663310e-001
 -2.0226264526961793e-001
 -1.9958484419081834e-001
 -1.9692395625556164e-001
 -1.9428000646029395e-001
 -1.9165301964234271e-001
 -1.8904302047968743e-001
 -1.8645003349072220e-001
 -1.8387408303402894e-001
 -1.8131519330815044e-001
 -1.7877338835135650e-001
 -1.7624869204142654e-001
 -1.7374112809541717e-001
 -1.7125072006944533e-001
 -1.6877749135846495e-001
 -1.6632146519604551e-001
 -1.6388266465415632e-001
 -1.6146111264294868e-001
 -1.5905683191054126e-001
 -1.5666984504280515e-001
 -1.5430017446315261e-001
 -1.5194784243232715e-001
 -1.4961287104819174e-001
 -1.4729528224552416e-001
 -1.4499509779581063e-001
 -1.4271233930703864e-001
 -1.4044702822349703e-001
 -1.3819918582557317e-001
 -1.3596883322955181e-001
 -1.3375599138742122e-001
 -1.3156068108666955e-001
 -1.2938292295009543e-001
 -1.2722273743561183e-001
 -1.2508014483605279e-001
 -1.2295516527898621e-001
 -1.2084781872652040e-001
 -1.1875812497512075e-001
 -1.1668610365542061e-001
 -1.1463177423203796e-001
 -1.1259515600339423e-001
 -1.1057626810152968e-001
 -1.0857512949192542e-001
 -1.0659175897332665e-001
 -1.0462617517756410e-001
 -1.0267839656937994e-001
 -1.0074844144625224e-001
 -9.8836327938227581e-002
 -9.6942074007745169e-002
 -9.5065697449473296e-002
 -9.3207215890138570e-002
 -9.1366646788361372e-002
 -8.9544007434493075e-002
 -8.7739314950450981e-002
 -8.5952586289560470e-002
 -8.4183838236393971e-002
 -8.2433087406612510e-002
 -8.0700350246813074e-002
 -7.8985643034369737e-002
 -7.7288981877284099e-002
 -7.5610382714031171e-002
 -7.3949861313412760e-002
 -7.2307433274406821e-002
 -7.0683114026023064e-002
 -6.9076918827154124e-002
 -6.7488862766438368e-002
 -6.5918960762111678e-002
 -6.4367227561871840e-002
 -6.2833677742737501e-002
 -6.1318325710913252e-002
 -5.9821185701653443e-002
 -5.8342271779126646e-002
 -5.6881597836286595e-002
 -5.5439177594739091e-002
 -5.4015024604614492e-002
 -5.2609152244442139e-002
 -5.1221573721018564e-002
 -4.9852302069292316e-002
 -4.8501350152233218e-002
 -4.7168730660716023e-002
 -4.5854456113401429e-002
 -4.4558538856615600e-002
 -4.3280991064236995e-002
 -4.2021824737580558e-002
 -4.0781051705284517e-002
 -3.9558683623201189e-002
 -3.8354731974286606e-002
 -3.7169208068490667e-002
 -3.6002123042654134e-002
 -3.4853487860402037e-002
 -3.3723313312040946e-002
 -3.2611610014457407e-002
 -3.1518388411020122e-002
 -3.0443658771478133e-002
 -2.9387431191869522e-002
 -2.8349715594419577e-002
 -2.7330521727454888e-002
 -2.6329859165306824e-002
 -2.5347737308224906e-002
 -2.4384165382284027e-002
 -2.3439152439302752e-002
 -2.2512707356755715e-002
 -2.1604838837690637e-002
 -2.0715555410645788e-002
 -1.9844865429572010e-002
 -1.8992777073750976e-002
 -1.8159298347722345e-002
 -1.7344437081204329e-002
 -1.6548200929024971e-002
 -1.5770597371044064e-002
 -1.5011633712089743e-002
 -1.4271317081884368e-002
 -1.3549654434980072e-002
 -1.2846652550693980e-002
 -1.2162318033042121e-002
 -1.1496657310679986e-002
 -1.0849676636840229e-002
 -1.0221382089274542e-002
 -9.6117795701978898e-003
 -9.0208748062307505e-003
 -8.4486733483466886e-003
 -7.8951805718201745e-003
 -7.3604016761760387e-003
 -6.8443416851395747e-003
 -6.3470054465905546e-003
 -5.8683976325189851e-003
 -5.4085227389770712e-003
 -4.9673850860411407e-003
 -4.5449888177684188e-003
 -4.1413379021610162e-003
 -3.7564361311238819e-003
 -3.3902871204347183e-003
 -3.0428943097056183e-003
 -2.7142609623527886e-003
 -2.4043901655663026e-003
 -2.1132848302799138e-003
 -1.8409476911443786e-003
 -1.5873813065007453e-003
 -1.3525880583577371e-003
 -1.1365701523698851e-003
 -9.3932961781322585e-004
 -7.6086830757166708e-004
 -6.0118789811339755e-004
 -4.6028988948144760e-004
 -3.3817560527435616e-004
 -2.3484619263665143e-004
 -1.5030262224754350e-004
 -8.4545688312078285e-005
 -3.7576008550932017e-005
 -9.3940241995481188e-006
