 -3.9994069396902789e+000
 -3.9976281104816471e+000
 -3.9946645673271051e+000
 -3.9905180677864718e+000
 -3.9851910709840523e+000
 -3.9786867361502201e+000
 -3.9710089207478041e+000
 -3.9621621781843870e+000
 -3.9521517551118532e+000
 -3.9409835883148103e+000
 -3.9286643011897175e+000
 -3.9152011998168121e+000
 -3.9006022686271646e+000
 -3.8848761656674275e+000
 -3.8680322174650943e+000
 -3.8500804134973046e+000
 -3.8310314002664745e+000
 -3.8108964749862944e+000
 -3.7896875788817823e+000
 -3.7674172901074385e+000
 -3.7440988162876145e+000
 -3.7197459866836202e+000
 -3.6943732439921209e+000
 -3.6679956357797563e+000
 -3.6406288055590208e+000
 -3.6122889835107252e+000
 -3.5829929768585065e+000
 -3.5527581599011477e+000
 -3.5216024637085557e+000
 -3.4895443654875660e+000
 -3.4566028776238333e+000
 -3.4227975364063563e+000
 -3.3881483904412675e+000
 -3.3526759887618045e+000
 -3.3164013686414964e+000
 -3.2793460431177830e+000
 -3.2415319882334965e+000
 -3.2029816300037401e+000
 -3.1637178311159051e+000
 -3.1237638773707221e+000
 -3.0831434638723691e+000
 -3.0418806809758610e+000
 -2.9999999999999973e+000
 -2.9575262587144184e+000
 -2.9144846466092775e+000
 -2.8709006899563816e+000
 -2.8268002366705662e+000
 -2.7822094409803118e+000
 -2.7371547479167240e+000
 -2.6916628776300242e+000
 -2.6457608095428942e+000
 -2.5994757663500501e+000
 -2.5528351978735420e+000
 -2.5058667647833630e+000
 -2.4585983221929797e+000
 -2.4110579031396000e+000
 -2.3632737019588723e+000
 -2.3152740575639474e+000
 -2.2670874366387976e+000
 -2.2187424167557497e+000
 -2.1702676694272722e+000
 -2.1216919431020269e+000
 -2.0730440461153172e+000
 -2.0243528296039952e+000
 -1.9756471703960057e+000
 -1.9269559538846823e+000
 -1.8783080568979724e+000
 -1.8297323305727293e+000
 -1.7812575832442510e+000
 -1.7329125633612044e+000
 -1.6847259424360534e+000
 -1.6367262980411268e+000
 -1.5889420968603991e+000
 -1.5414016778070196e+000
 -1.4941332352166379e+000
 -1.4471648021264572e+000
 -1.4005242336499517e+000
 -1.3542391904571078e+000
 -1.3083371223699771e+000
 -1.2628452520832765e+000
 -1.2177905590196871e+000
 -1.1731997633294342e+000
 -1.1290993100436173e+000
 -1.0855153533907227e+000
 -1.0424737412855816e+000
 -1.0000000000000002e+000
 -9.5811931902413949e-001
 -9.1685653612763085e-001
 -8.7623612262927930e-001
 -8.3628216888409423e-001
 -7.9701836999625930e-001
 -7.5846801176650314e-001
 -7.2065395688221778e-001
 -6.8359863135850429e-001
 -6.4732401123819461e-001
 -6.1185160955873197e-001
 -5.7720246359364402e-001
 -5.4339712237616833e-001
 -5.1045563451243681e-001
 -4.7839753629144444e-001
 -4.4724184009885132e-001
 -4.1700702314149146e-001
 -3.8771101648927414e-001
 -3.5937119444097759e-001
 -3.3200436422024421e-001
 -3.0562675600787959e-001
 -2.8025401331637984e-001
 -2.5590118371238407e-001
 -2.3258270989256169e-001
 -2.1031242111821608e-001
 -1.8910352501370656e-001
 -1.6896859973352560e-001
 -1.4991958650269599e-001
 -1.3196778253490371e-001
 -1.1512383433257112e-001
 -9.9397731372834974e-002
 -8.4798800183188000e-002
 -7.1335698810282622e-002
 -5.9016411685189563e-002
 -4.7848244888145576e-002
 -3.7837821815611461e-002
 -2.8991079252194549e-002
 -2.1313263849779645e-002
 -1.4808929015947140e-002
 -9.4819322135285215e-003
 -5.3354326728963421e-003
 -2.3718895183538501e-003
 -5.9306030972115971e-004
