  -3.9994741769983668e+00
  -3.9978969844832997e+00
  -3.9952692517788995e+00
  -3.9915923606074646e+00
  -3.9868682443629475e+00
  -3.9810993870943312e+00
  -3.9742888221994610e+00
  -3.9664401308300148e+00
  -3.9575574400084443e+00
  -3.9476454204579015e+00
  -3.9367092841462585e+00
  -3.9247547815455364e+00
  -3.9117881986081762e+00
  -3.8978163534617396e+00
  -3.8828465928237792e+00
  -3.8668867881387654e+00
  -3.8499453314391063e+00
  -3.8320311309324144e+00
  -3.8131536063173717e+00
  -3.7933226838306355e+00
  -3.7725487910273925e+00
  -3.7508428512983119e+00
  -3.7282162781257755e+00
  -3.7046809690824056e+00
  -3.6802492995750464e+00
  -3.6549341163374951e+00
  -3.6287487306753876e+00
  -3.6017069114668123e+00
  -3.5738228779223151e+00
  -3.5451112921081100e+00
  -3.5155872512364330e+00
  -3.4852662797270759e+00
  -3.4541643210442903e+00
  -3.4222977293133456e+00
  -3.3896832607211591e+00
  -3.3563380647055019e+00
  -3.3222796749374330e+00
  -3.2875260001016926e+00
  -3.2520953144798996e+00
  -3.2160062483415151e+00
  -3.1792777781476254e+00
  -3.1419292165726720e+00
  -3.1039802023494092e+00
  -3.0654506899424039e+00
  -3.0263609390555222e+00
  -2.9867315039789077e+00
  -2.9465832227810660e+00
  -2.9059372063517288e+00
  -2.8648148273012550e+00
  -2.8232377087224356e+00
  -2.7812277128205585e+00
  -2.7388069294177670e+00
  -2.6959976643377228e+00
  -2.6528224276766883e+00
  -2.6093039219672001e+00
  -2.5654650302405559e+00
  -2.5213288039943933e+00
  -2.4769184510716764e+00
  -2.4322573234574838e+00
  -2.3873689049999931e+00
  -2.3422767990621365e+00
  -2.2970047161104072e+00
  -2.2515764612473541e+00
  -2.2060159216943083e+00
  -2.1603470542309333e+00
  -2.1145938725981996e+00
  -2.0687804348714076e+00
  -2.0229308308098979e+00
  -1.9770691691901019e+00
  -1.9312195651285919e+00
  -1.8854061274017999e+00
  -1.8396529457690665e+00
  -1.7939840783056906e+00
  -1.7484235387526450e+00
  -1.7029952838895923e+00
  -1.6577232009378635e+00
  -1.6126310950000067e+00
  -1.5677426765425162e+00
  -1.5230815489283236e+00
  -1.4786711960056065e+00
  -1.4345349697594443e+00
  -1.3906960780327999e+00
  -1.3471775723233110e+00
  -1.3040023356622759e+00
  -1.2611930705822316e+00
  -1.2187722871794409e+00
  -1.1767622912775635e+00
  -1.1351851726987439e+00
  -1.0940627936482712e+00
  -1.0534167772189327e+00
  -1.0132684960210914e+00
  -9.7363906094447783e-01
  -9.3454931005759634e-01
  -8.9601979765059137e-01
  -8.5807078342732812e-01
  -8.2072222185237453e-01
  -7.8399375165848473e-01
  -7.4790468552010136e-01
  -7.1247399989830762e-01
  -6.7772032506256641e-01
  -6.4366193529449811e-01
  -6.1031673927884122e-01
  -5.7770227068665481e-01
  -5.4583567895571061e-01
  -5.1473372027292419e-01
  -4.8441274876356688e-01
  -4.5488870789189018e-01
  -4.2617712207768549e-01
  -3.9829308853318740e-01
  -3.7125126932461172e-01
  -3.4506588366250435e-01
  -3.1975070042495307e-01
  -2.9531903091759448e-01
  -2.7178372187422434e-01
  -2.4915714870168776e-01
  -2.2745120897260712e-01
  -2.0667731616936397e-01
  -1.8684639368262765e-01
  -1.6796886906758532e-01
  -1.5005466856089347e-01
  -1.3311321186123468e-01
  -1.1715340717622186e-01
  -1.0218364653826081e-01
  -8.8211801391823649e-02
  -7.5245218454463594e-02
  -6.3290715853741714e-02
  -5.2354579542098517e-02
  -4.2442559991555592e-02
  -3.3559869169985018e-02
  -2.5711177800538006e-02
  -1.8900612905668433e-02
  -1.3131755637052489e-02
  -8.4076393925350632e-03
  -4.7307482210999299e-03
  -2.1030155166995709e-03
  -5.2582300163210431e-04
