 -3.9998505733394651e+000
 -3.9994023156861886e+000
 -3.9986552940218121e+000
 -3.9976096199712865e+000
 -3.9962654497862000e+000
 -3.9946229843214112e+000
 -3.9926824690050475e+000
 -3.9904441938018338e+000
 -3.9879084931697601e+000
 -3.9850757460101023e+000
 -3.9819463756108116e+000
 -3.9785208495832509e+000
 -3.9747996797923397e+000
 -3.9707834222800522e+000
 -3.9664726771823360e+000
 -3.9618680886394353e+000
 -3.9569703446996378e+000
 -3.9517801772164676e+000
 -3.9462983617393173e+000
 -3.9405257173975690e+000
 -3.9344631067781868e+000
 -3.9281114357968301e+000
 -3.9214716535624827e+000
 -3.9145447522356318e+000
 -3.9073317668800112e+000
 -3.8998337753079326e+000
 -3.8920518979192367e+000
 -3.8839872975338792e+000
 -3.8756411792181571e+000
 -3.8670147901046650e+000
 -3.8581094192059191e+000
 -3.8489263972217524e+000
 -3.8394670963404747e+000
 -3.8297329300338272e+000
 -3.8197253528457704e+000
 -3.8094458601751495e+000
 -3.7988959880522248e+000
 -3.7880773129091549e+000
 -3.7769914513444403e+000
 -3.7656400598813486e+000
 -3.7540248347204055e+000
 -3.7421475114859146e+000
 -3.7300098649666213e+000
 -3.7176137088505157e+000
 -3.7049608954538056e+000
 -3.6920533154441473e+000
 -3.6788928975581157e+000
 -3.6654816083130024e+000
 -3.6518214517129794e+000
 -3.6379144689496261e+000
 -3.6237627380969357e+000
 -3.6093683738007920e+000
 -3.5947335269629792e+000
 -3.5798603844197898e+000
 -3.5647511686152469e+000
 -3.5494081372690092e+000
 -3.5338335830390131e+000
 -3.5180298331788871e+000
 -3.5019992491901957e+000
 -3.4857442264695728e+000
 -3.4692671939507784e+000
 -3.4525706137417602e+000
 -3.4356569807567396e+000
 -3.4185288223434105e+000
 -3.4011886979052854e+000
 -3.3836391985192527e+000
 -3.3658829465484028e+000
 -3.3479225952501666e+000
 -3.3297608283798632e+000
 -3.3114003597896655e+000
 -3.2928439330230783e+000
 -3.2740943209049882e+000
 -3.2551543251273172e+000
 -3.2360267758303882e+000
 -3.2167145311800147e+000
 -3.1972204769404211e+000
 -3.1775475260430359e+000
 -3.1576986181512141e+000
 -3.1376767192209747e+000
 -3.1174848210578134e+000
 -3.0971259408696445e+000
 -3.0766031208159439e+000
 -3.0559194275531789e+000
 -3.0350779517765605e+000
 -3.0140818077582132e+000
 -2.9929341328818255e+000
 -2.9716380871738304e+000
 -2.9501968528312217e+000
 -2.9286136337460400e+000
 -2.9068916550266422e+000
 -2.8850341625157676e+000
 -2.8630444223055278e+000
 -2.8409257202493690e+000
 -2.8186813614710760e+000
 -2.7963146698708976e+000
 -2.7738289876288649e+000
 -2.7512276747053854e+000
 -2.7285141083391746e+000
 -2.7056916825425983e+000
 -2.6827638075945348e+000
 -2.6597339095307673e+000
 -2.6366054296320587e+000
 -2.6133818239099234e+000
 -2.5900665625902075e+000
 -2.5666631295945446e+000
 -2.5431750220197862e+000
 -2.5196057496153967e+000
 -2.4959588342590497e+000
 -2.4722378094303337e+000
 -2.4484462196827801e+000
 -2.4245876201141883e+000
 -2.4006655758354163e+000
 -2.3766836614376570e+000
 -2.3526454604582923e+000
 -2.3285545648454176e+000
 -2.3044145744211164e+000
 -2.2802290963435370e+000
 -2.2560017445679104e+000
 -2.2317361393065003e+000
 -2.2074359064876692e+000
 -2.1831046772140539e+000
 -2.1587460872199959e+000
 -2.1343637763282532e+000
 -2.1099613879061150e+000
 -2.0855425683209954e+000
 -2.0611109663955571e+000
 -2.0366702328624897e+000
 -2.0122240198189827e+000
 -1.9877759801810164e+000
 -1.9633297671375110e+000
 -1.9388890336044429e+000
 -1.9144574316790044e+000
 -1.8900386120938846e+000
 -1.8656362236717472e+000
 -1.8412539127800034e+000
 -1.8168953227859450e+000
 -1.7925640935123321e+000
 -1.7682638606935002e+000
 -1.7439982554320896e+000
 -1.7197709036564606e+000
 -1.6955854255788845e+000
 -1.6714454351545813e+000
 -1.6473545395417082e+000
 -1.6233163385623419e+000
 -1.5993344241645837e+000
 -1.5754123798858128e+000
 -1.5515537803172204e+000
 -1.5277621905696659e+000
 -1.5040411657409505e+000
 -1.4803942503846030e+000
 -1.4568249779802147e+000
 -1.4333368704054525e+000
 -1.4099334374097938e+000
 -1.3866181760900778e+000
 -1.3633945703679398e+000
 -1.3402660904692316e+000
 -1.3172361924054636e+000
 -1.2943083174574010e+000
 -1.2714858916608267e+000
 -1.2487723252946148e+000
 -1.2261710123711360e+000
 -1.2036853301291022e+000
 -1.1813186385289227e+000
 -1.1590742797506304e+000
 -1.1369555776944724e+000
 -1.1149658374842328e+000
 -1.0931083449733583e+000
 -1.0713863662539602e+000
 -1.0498031471687796e+000
 -1.0283619128261698e+000
 -1.0070658671181738e+000
 -9.8591819224178567e-001
 -9.6492204822344052e-001
 -9.4408057244682186e-001
 -9.2339687918405677e-001
 -9.0287405913035623e-001
 -8.8251517894218667e-001
 -8.6232328077902509e-001
 -8.4230138184878622e-001
 -8.2245247395696286e-001
 -8.0277952305957800e-001
 -7.8328546881998495e-001
 -7.6397322416961178e-001
 -7.4484567487268183e-001
 -7.2590567909501302e-001
 -7.0715606697692179e-001
 -6.8859964021033560e-001
 -6.7023917162013658e-001
 -6.5207740474983311e-001
 -6.3411705345159675e-001
 -6.1636080148074557e-001
 -5.9881130209471423e-001
 -5.8147117765658940e-001
 -5.6434301924326091e-001
 -5.4742938625823956e-001
 -5.3073280604922080e-001
 -5.1425577353042717e-001
 -4.9800075080980521e-001
 -4.8197016682111465e-001
 -4.6616641696098815e-001
 -4.5059186273099183e-001
 -4.3524883138475345e-001
 -4.2013961558020946e-001
 -4.0526647303702007e-001
 -3.9063162619920772e-001
 -3.7623726190306361e-001
 -3.6208553105037367e-001
 -3.4817854828702094e-001
 -3.3451839168699754e-001
 -3.2110710244188684e-001
 -3.0794668455585339e-001
 -2.9503910454619420e-001
 -2.8238629114948516e-001
 -2.6999013503337876e-001
 -2.5785248851408660e-001
 -2.4597516527959520e-001
 -2.3435994011865058e-001
 -2.2300854865556161e-001
 -2.1192268709084544e-001
 -2.0110401194777597e-001
 -1.9055413982485039e-001
 -1.8027464715422939e-001
 -1.7026706996617472e-001
 -1.6053290365952594e-001
 -1.5107360277824741e-001
 -1.4189058079408032e-001
 -1.3298520989533330e-001
 -1.2435882078184159e-001
 -1.1601270246612111e-001
 -1.0794810208076186e-001
 -1.0016622469206771e-001
 -9.2668233119988563e-002
 -8.5455247764366485e-002
 -7.8528346437516203e-002
 -7.1888564203169650e-002
 -6.5536893221813525e-002
 -5.9474282602431268e-002
 -5.3701638260681556e-002
 -4.8219822783531513e-002
 -4.3029655300360514e-002
 -3.8131911360563937e-002
 -3.3527322817663123e-002
 -2.9216577719946856e-002
 -2.5200320207659010e-002
 -2.1479150416748031e-002
 -1.8053624389188897e-002
 -1.4924253989896254e-002
 -1.2091506830239192e-002
 -9.5558061981650608e-003
 -7.3175309949520704e-003
 -5.3770156785885445e-003
 -3.7345502137991339e-003
 -2.3903800287119661e-003
 -1.3447059781891539e-003
 -5.9768431381278784e-004
 -1.4942666053487154e-004
