  -3.9998551183153550e+00
  -3.9994204942521172e+00
  -3.9986961907793557e+00
  -3.9976823128353765e+00
  -3.9963790073125245e+00
  -3.9947864630359007e+00
  -3.9929049107360015e+00
  -3.9907346230152942e+00
  -3.9882759143087201e+00
  -3.9855291408381381e+00
  -3.9824947005607161e+00
  -3.9791730331112749e+00
  -3.9755646197385888e+00
  -3.9716699832356666e+00
  -3.9674896878640062e+00
  -3.9630243392718429e+00
  -3.9582745844064036e+00
  -3.9532411114201742e+00
  -3.9479246495712008e+00
  -3.9423259691174333e+00
  -3.9364458812051271e+00
  -3.9302852377513249e+00
  -3.9238449313204282e+00
  -3.9171258949948826e+00
  -3.9101291022399907e+00
  -3.9028555667628742e+00
  -3.8953063423656058e+00
  -3.8874825227925327e+00
  -3.8793852415718169e+00
  -3.8710156718512021e+00
  -3.8623750262280492e+00
  -3.8534645565736527e+00
  -3.8442855538518659e+00
  -3.8348393479320682e+00
  -3.8251273073964862e+00
  -3.8151508393419133e+00
  -3.8049113891758495e+00
  -3.7944104404070838e+00
  -3.7836495144307638e+00
  -3.7726301703079743e+00
  -3.7613540045398555e+00
  -3.7498226508362995e+00
  -3.7380377798792574e+00
  -3.7260010990806864e+00
  -3.7137143523351788e+00
  -3.7011793197673013e+00
  -3.6883978174736898e+00
  -3.6753716972599291e+00
  -3.6621028463722602e+00
  -3.6485931872241530e+00
  -3.6348446771177838e+00
  -3.6208593079604570e+00
  -3.6066391059760177e+00
  -3.5921861314112866e+00
  -3.5775024782375655e+00
  -3.5625902738472623e+00
  -3.5474516787456718e+00
  -3.5320888862379554e+00
  -3.5165041221113720e+00
  -3.5006996443128040e+00
  -3.4846777426216198e+00
  -3.4684407383179261e+00
  -3.4519909838462617e+00
  -3.4353308624747654e+00
  -3.4184627879498879e+00
  -3.4013892041466844e+00
  -3.3841125847147380e+00
  -3.3666354327197778e+00
  -3.3489602802810277e+00
  -3.3310896882043481e+00
  -3.3130262456112254e+00
  -3.2947725695636545e+00
  -3.2763313046849714e+00
  -3.2577051227766969e+00
  -3.2388967224314462e+00
  -3.2199088286419459e+00
  -3.2007441924062370e+00
  -3.1814055903291023e+00
  -3.1618958242197897e+00
  -3.1422177206860806e+00
  -3.1223741307247650e+00
  -3.1023679293085862e+00
  -3.0822020149697087e+00
  -3.0618793093797740e+00
  -3.0414027569266051e+00
  -3.0207753242876167e+00
  -2.9999999999999996e+00
  -2.9790797940277369e+00
  -2.9580177373255108e+00
  -2.9368168813995803e+00
  -2.9154802978656669e+00
  -2.8940110780039379e+00
  -2.8724123323111348e+00
  -2.8506871900499200e+00
  -2.8288387987955037e+00
  -2.8068703239796173e+00
  -2.7847849484319016e+00
  -2.7625858719187710e+00
  -2.7402763106798287e+00
  -2.7178594969618919e+00
  -2.6953386785506952e+00
  -2.6727171183003504e+00
  -2.6499980936606153e+00
  -2.6271848962020541e+00
  -2.6042808311391465e+00
  -2.5812892168514225e+00
  -2.5582133844026940e+00
  -2.5350566770584422e+00
  -2.5118224498014365e+00
  -2.4885140688456628e+00
  -2.4651349111486214e+00
  -2.4416883639220650e+00
  -2.4181778241412539e+00
  -2.3946066980528005e+00
  -2.3709784006811603e+00
  -2.3472963553338611e+00
  -2.3235639931055299e+00
  -2.2997847523807868e+00
  -2.2759620783360872e+00
  -2.2520994224405793e+00
  -2.2282002419560500e+00
  -2.2042679994360292e+00
  -2.1803061622241309e+00
  -2.1563182019516969e+00
  -2.1323075940348235e+00
  -2.1082778171708352e+00
  -2.0842323528342854e+00
  -2.0601746847725551e+00
  -2.0361082985011212e+00
  -2.0120366807985710e+00
  -1.9879633192014290e+00
  -1.9638917014988790e+00
  -1.9398253152274463e+00
  -1.9157676471657155e+00
  -1.8917221828291653e+00
  -1.8676924059651765e+00
  -1.8436817980483031e+00
  -1.8196938377758696e+00
  -1.7957320005639712e+00
  -1.7717997580439504e+00
  -1.7479005775594207e+00
  -1.7240379216639135e+00
  -1.7002152476192143e+00
  -1.6764360068944708e+00
  -1.6527036446661394e+00
  -1.6290215993188406e+00
  -1.6053933019472000e+00
  -1.5818221758587461e+00
  -1.5583116360779354e+00
  -1.5348650888513793e+00
  -1.5114859311543380e+00
  -1.4881775501985646e+00
  -1.4649433229415587e+00
  -1.4417866155973058e+00
  -1.4187107831485779e+00
  -1.3957191688608543e+00
  -1.3728151037979459e+00
  -1.3500019063393844e+00
  -1.3272828816996496e+00
  -1.3046613214493046e+00
  -1.2821405030381081e+00
  -1.2597236893201711e+00
  -1.2374141280812296e+00
  -1.2152150515680993e+00
  -1.1931296760203827e+00
  -1.1711612012044961e+00
  -1.1493128099500796e+00
  -1.1275876676888648e+00
  -1.1059889219960617e+00
  -1.0845197021343329e+00
  -1.0631831186004197e+00
  -1.0419822626744890e+00
  -1.0209202059722635e+00
  -1.0000000000000000e+00
  -9.7922467571238325e-01
  -9.5859724307339522e-01
  -9.3812069062022641e-01
  -9.1779798503029186e-01
  -8.9763207069141437e-01
  -8.7762586927523523e-01
  -8.5778227931391959e-01
  -8.3810417578021001e-01
  -8.1859440967089769e-01
  -7.9925580759376291e-01
  -7.8009117135805406e-01
  -7.6110327756855378e-01
  -7.4229487722330312e-01
  -7.2366869531502886e-01
  -7.0522743043634473e-01
  -6.8697375438877328e-01
  -6.6891031179565119e-01
  -6.5103971971897212e-01
  -6.3336456728022150e-01
  -6.1588741528526125e-01
  -5.9861079585331511e-01
  -5.8153721205011144e-01
  -5.6466913752523440e-01
  -5.4800901615373820e-01
  -5.3155926168207346e-01
  -5.1532225737838011e-01
  -4.9930035568719511e-01
  -4.8349587788862691e-01
  -4.6791111376204392e-01
  -4.5254832125432742e-01
  -4.3740972615273699e-01
  -4.2249752176243405e-01
  -4.0781386858871249e-01
  -3.9336089402398089e-01
  -3.7914069203954215e-01
  -3.6515532288221625e-01
  -3.5140681277584679e-01
  -3.3789715362773937e-01
  -3.2462830274007032e-01
  -3.1160218252630989e-01
  -2.9882068023269870e-01
  -2.8628564766482140e-01
  -2.7399890091931373e-01
  -2.6196222012074288e-01
  -2.5017734916370060e-01
  -2.3864599546014434e-01
  -2.2736982969202518e-01
  -2.1635048556923545e-01
  -2.0558955959291580e-01
  -1.9508861082414997e-01
  -1.8484916065808604e-01
  -1.7487269260351357e-01
  -1.6516065206793140e-01
  -1.5571444614813371e-01
  -1.4653544342634778e-01
  -1.3762497377195082e-01
  -1.2898432814879779e-01
  -1.2061475842818306e-01
  -1.1251747720746745e-01
  -1.0469365763439498e-01
  -9.7144433237126099e-02
  -8.9870897760009116e-02
  -8.2874105005117271e-02
  -7.6155068679572127e-02
  -6.9714762248675649e-02
  -6.3554118794873216e-02
  -5.7674030882566937e-02
  -5.2075350428799357e-02
  -4.6758888579826477e-02
  -4.1725415593597312e-02
  -3.6975660728157424e-02
  -3.2510312135994264e-02
  -2.8330016764333544e-02
  -2.4435380261411309e-02
  -2.0826966888725158e-02
  -1.7505299439283507e-02
  -1.4470859161862172e-02
  -1.1724085691280545e-02
  -9.2653769847064228e-03
  -7.0950892639992276e-03
  -5.2135369641000988e-03
  -3.6209926874760322e-03
  -2.3176871646246374e-03
  -1.3038092206457870e-03
  -5.7950574788389491e-04
  -1.4488168464639451e-04
