 -3.9999624972031040e+000
 -3.9998499902188782e+000
 -3.9996624832666470e+000
 -3.9993999833784457e+000
 -3.9990625003987521e+000
 -3.9986500469841273e+000
 -3.9981626386027251e+000
 -3.9976002935337238e+000
 -3.9969630328666330e+000
 -3.9962508805005137e+000
 -3.9954638631430703e+000
 -3.9946020103096540e+000
 -3.9936653543221592e+000
 -3.9926539303078017e+000
 -3.9915677761978148e+000
 -3.9904069327260130e+000
 -3.9891714434272698e+000
 -3.9878613546358985e+000
 -3.9864767154838838e+000
 -3.9850175778990744e+000
 -3.9834839966032036e+000
 -3.9818760291098640e+000
 -3.9801937357223323e+000
 -3.9784371795313160e+000
 -3.9766064264125838e+000
 -3.9747015450244985e+000
 -3.9727226068054438e+000
 -3.9706696859711341e+000
 -3.9685428595118393e+000
 -3.9663422071895078e+000
 -3.9640678115347541e+000
 -3.9617197578437713e+000
 -3.9592981341751488e+000
 -3.9568030313465381e+000
 -3.9542345429312795e+000
 -3.9515927652548708e+000
 -3.9488777973913631e+000
 -3.9460897411596476e+000
 -3.9432287011196268e+000
 -3.9402947845683056e+000
 -3.9372881015357644e+000
 -3.9342087647810207e+000
 -3.9310568897878180e+000
 -3.9278325947602846e+000
 -3.9245360006184988e+000
 -3.9211672309939676e+000
 -3.9177264122249680e+000
 -3.9142136733518282e+000
 -3.9106291461120817e+000
 -3.9069729649355254e+000
 -3.9032452669391837e+000
 -3.8994461919221508e+000
 -3.8955758823603679e+000
 -3.8916344834012668e+000
 -3.8876221428583393e+000
 -3.8835390112055688e+000
 -3.8793852415718169e+000
 -3.8751609897350616e+000
 -3.8708664141165618e+000
 -3.8665016757749151e+000
 -3.8620669384000159e+000
 -3.8575623683069198e+000
 -3.8529881344296038e+000
 -3.8483444083146341e+000
 -3.8436313641147235e+000
 -3.8388491785822159e+000
 -3.8339980310624426e+000
 -3.8290781034870012e+000
 -3.8240895803669406e+000
 -3.8190326487858264e+000
 -3.8139074983927399e+000
 -3.8087143213951538e+000
 -3.8034533125517296e+000
 -3.7981246691650146e+000
 -3.7927285910740385e+000
 -3.7872652806468241e+000
 -3.7817349427727884e+000
 -3.7761377848550741e+000
 -3.7704740168027557e+000
 -3.7647438510229749e+000
 -3.7589475024129788e+000
 -3.7530851883520464e+000
 -3.7471571286933552e+000
 -3.7411635457557249e+000
 -3.7351046643152741e+000
 -3.7289807115970035e+000
 -3.7227919172662705e+000
 -3.7165385134201712e+000
 -3.7102207345788405e+000
 -3.7038388176766528e+000
 -3.6973930020533432e+000
 -3.6908835294450286e+000
 -3.6843106439751319e+000
 -3.6776745921452449e+000
 -3.6709756228258716e+000
 -3.6642139872470998e+000
 -3.6573899389891724e+000
 -3.6505037339729860e+000
 -3.6435556304504892e+000
 -3.6365458889949966e+000
 -3.6294747724914203e+000
 -3.6223425461264029e+000
 -3.6151494773783850e+000
 -3.6078958360075606e+000
 -3.6005818940457677e+000
 -3.5932079257862899e+000
 -3.5857742077735559e+000
 -3.5782810187927869e+000
 -3.5707286398595262e+000
 -3.5631173542091044e+000
 -3.5554474472860274e+000
 -3.5477192067332521e+000
 -3.5399329223814124e+000
 -3.5320888862379558e+000
 -3.5241873924761706e+000
 -3.5162287374241754e+000
 -3.5082132195537925e+000
 -3.5001411394693607e+000
 -3.4920127998964623e+000
 -3.4838285056705645e+000
 -3.4755885637255868e+000
 -3.4672932830824026e+000
 -3.4589429748372407e+000
 -3.4505379521500075e+000
 -3.4420785302325689e+000
 -3.4335650263369013e+000
 -3.4249977597432153e+000
 -3.4163770517479675e+000
 -3.4077032256518214e+000
 -3.3989766067475147e+000
 -3.3901975223076626e+000
 -3.3813663015724882e+000
 -3.3724832757374661e+000
 -3.3635487779409114e+000
 -3.3545631432514798e+000
 -3.3455267086556066e+000
 -3.3364398130448607e+000
 -3.3273027972032421e+000
 -3.3181160037944002e+000
 -3.3088797773487868e+000
 -3.2995944642507200e+000
 -3.2902604127254134e+000
 -3.2808779728259050e+000
 -3.2714474964199365e+000
 -3.2619693371767440e+000
 -3.2524438505538127e+000
 -3.2428713937835298e+000
 -3.2332523258597980e+000
 -3.2235870075245687e+000
 -3.2138758012543143e+000
 -3.2041190712464256e+000
 -3.1943171834055710e+000
 -3.1844705053299585e+000
 -3.1745794062975552e+000
 -3.1646442572522417e+000
 -3.1546654307898914e+000
 -3.1446433011444102e+000
 -3.1345782441736847e+000
 -3.1244706373455076e+000
 -3.1143208597234038e+000
 -3.1041292919524204e+000
 -3.0938963162448561e+000
 -3.0836223163659136e+000
 -3.0733076776193338e+000
 -3.0629527868329118e+000
 -3.0525580323440167e+000
 -3.0421238039850125e+000
 -3.0316504930686485e+000
 -3.0211384923733773e+000
 -3.0105881961286247e+000
 -2.9999999999999973e+000
 -2.9893743010744904e+000
 -2.9787114978455058e+000
 -2.9680119901979984e+000
 -2.9572761793934346e+000
 -2.9465044680547376e+000
 -2.9356972601512155e+000
 -2.9248549609833914e+000
 -2.9139779771678072e+000
 -2.9030667166217761e+000
 -2.8921215885480929e+000
 -2.8811430034196648e+000
 -2.8701313729641456e+000
 -2.8590871101484683e+000
 -2.8480106291633942e+000
 -2.8369023454079256e+000
 -2.8257626754737646e+000
 -2.8145920371297168e+000
 -2.8033908493059396e+000
 -2.7921595320783128e+000
 -2.7808985066526470e+000
 -2.7696081953488925e+000
 -2.7582890215852918e+000
 -2.7469414098625351e+000
 -2.7355657857477866e+000
 -2.7241625758587724e+000
 -2.7127322078477558e+000
 -2.7012751103855095e+000
 -2.6897917131452282e+000
 -2.6782824467864295e+000
 -2.6667477429387909e+000
 -2.6551880341859695e+000
 -2.6436037540493720e+000
 -2.6319953369719058e+000
 -2.6203632183016787e+000
 -2.6087078342756711e+000
 -2.5970296220033897e+000
 -2.5853290194504530e+000
 -2.5736064654221811e+000
 -2.5618623995471381e+000
 -2.5500972622606448e+000
 -2.5383114947882488e+000
 -2.5265055391291993e+000
 -2.5146798380398510e+000
 -2.5028348350170702e+000
 -2.4909709742815997e+000
 -2.4790887007613964e+000
 -2.4671884600749574e+000
 -2.4552706985145867e+000
 -2.4433358630296764e+000
 -2.4313844012099408e+000
 -2.4194167612686215e+000
 -2.4074333920256907e+000
 -2.3954347428910081e+000
 -2.3834212638474779e+000
 -2.3713934054341630e+000
 -2.3593516187293968e+000
 -2.3472963553338619e+000
 -2.3352280673536452e+000
 -2.3231472073833093e+000
 -2.3110542284888886e+000
 -2.2989495841909084e+000
 -2.2868337284473923e+000
 -2.2747071156368150e+000
 -2.2625702005410755e+000
 -2.2504234383284345e+000
 -2.2382672845364473e+000
 -2.2261021950548834e+000
 -2.2139286261086162e+000
 -2.2017470342405376e+000
 -2.1895578762944092e+000
 -2.1773616093977419e+000
 -2.1651586909446654e+000
 -2.1529495785787436e+000
 -2.1407347301758435e+000
 -2.1285146038269387e+000
 -2.1162896578209529e+000
 -2.1040603506275439e+000
 -2.0918271408799440e+000
 -2.0795904873577289e+000
 -2.0673508489696313e+000
 -2.0551086847363220e+000
 -2.0428644537732068e+000
 -2.0306186152731849e+000
 -2.0183716284894513e+000
 -2.0061239527182693e+000
 -1.9938760472817305e+000
 -1.9816283715105476e+000
 -1.9693813847268160e+000
 -1.9571355462267936e+000
 -1.9448913152636760e+000
 -1.9326491510303707e+000
 -1.9204095126422720e+000
 -1.9081728591200560e+000
 -1.8959396493724547e+000
 -1.8837103421790482e+000
 -1.8714853961730591e+000
 -1.8592652698241561e+000
 -1.8470504214212553e+000
 -1.8348413090553348e+000
 -1.8226383906022559e+000
 -1.8104421237055923e+000
 -1.7982529657594641e+000
 -1.7860713738913834e+000
 -1.7738978049451184e+000
 -1.7617327154635536e+000
 -1.7495765616715653e+000
 -1.7374297994589227e+000
 -1.7252928843631830e+000
 -1.7131662715526064e+000
 -1.7010504158090911e+000
 -1.6889457715111136e+000
 -1.6768527926166901e+000
 -1.6647719326463539e+000
 -1.6527036446661389e+000
 -1.6406483812706021e+000
 -1.6286065945658363e+000
 -1.6165787361525221e+000
 -1.6045652571089932e+000
 -1.5925666079743117e+000
 -1.5805832387313798e+000
 -1.5686155987900601e+000
 -1.5566641369703229e+000
 -1.5447293014854140e+000
 -1.5328115399250435e+000
 -1.5209112992386029e+000
 -1.5090290257184014e+000
 -1.4971651649829318e+000
 -1.4853201619601506e+000
 -1.4734944608708018e+000
 -1.4616885052117516e+000
 -1.4499027377393572e+000
 -1.4381376004528621e+000
 -1.4263935345778191e+000
 -1.4146709805495499e+000
 -1.4029703779966121e+000
 -1.3912921657243287e+000
 -1.3796367816983228e+000
 -1.3680046630280958e+000
 -1.3563962459506287e+000
 -1.3448119658140334e+000
 -1.3332522570612098e+000
 -1.3217175532135712e+000
 -1.3102082868547724e+000
 -1.2987248896144918e+000
 -1.2872677921522437e+000
 -1.2758374241412289e+000
 -1.2644342142522129e+000
 -1.2530585901374660e+000
 -1.2417109784147058e+000
 -1.2303918046511082e+000
 -1.2191014933473516e+000
 -1.2078404679216861e+000
 -1.1966091506940613e+000
 -1.1854079628702849e+000
 -1.1742373245262310e+000
 -1.1630976545920775e+000
 -1.1519893708366065e+000
 -1.1409128898515271e+000
 -1.1298686270358533e+000
 -1.1188569965803343e+000
 -1.1078784114519071e+000
 -1.0969332833782210e+000
 -1.0860220228321928e+000
 -1.0751450390166084e+000
 -1.0643027398487848e+000
 -1.0534955319452637e+000
 -1.0427238206065690e+000
 -1.0319880098020038e+000
 -1.0212885021544973e+000
 -1.0106256989255160e+000
 -1.0000000000000004e+000
 -9.8941180387138061e-001
 -9.7886150762662605e-001
 -9.6834950693135280e-001
 -9.5787619601498852e-001
 -9.4744196765598421e-001
 -9.3704721316708794e-001
 -9.2669232238066668e-001
 -9.1637768363408523e-001
 -9.0610368375514683e-001
 -8.9587070804758051e-001
 -8.8567914027659711e-001
 -8.7552936265449210e-001
 -8.6542175582631475e-001
 -8.5535669885559085e-001
 -8.4533456921010774e-001
 -8.3535574274775726e-001
 -8.2542059370244336e-001
 -8.1552949467004010e-001
 -8.0568281659442842e-001
 -7.9588092875357330e-001
 -7.8612419874568662e-001
 -7.7641299247543072e-001
 -7.6674767414020206e-001
 -7.5712860621647038e-001
 -7.4755614944618765e-001
 -7.3803066282325613e-001
 -7.2855250358006440e-001
 -7.1912202717409435e-001
 -7.0973958727458786e-001
 -7.0040553574928155e-001
 -6.9112022265121398e-001
 -6.8188399620559892e-001
 -6.7269720279675715e-001
 -6.6356018695513941e-001
 -6.5447329134439192e-001
 -6.4543685674851803e-001
 -6.3645122205908755e-001
 -6.2751672426253324e-001
 -6.1863369842751115e-001
 -6.0980247769233598e-001
 -6.0102339325248388e-001
 -5.9229677434817762e-001
 -5.8362294825203087e-001
 -5.7500224025678370e-001
 -5.6643497366309770e-001
 -5.5792146976743073e-001
 -5.4946204784999009e-001
 -5.4105702516275833e-001
 -5.3270671691759486e-001
 -5.2441143627441200e-001
 -5.1617149432943654e-001
 -5.0798720010353748e-001
 -4.9985886053063816e-001
 -4.9178678044620788e-001
 -4.8377126257582481e-001
 -4.7581260752382881e-001
 -4.6791111376204420e-001
 -4.6006707761858551e-001
 -4.5228079326674808e-001
 -4.4455255271397232e-001
 -4.3688264579089386e-001
 -4.2927136014047407e-001
 -4.2171898120721324e-001
 -4.1422579222644373e-001
 -4.0679207421371144e-001
 -3.9941810595423177e-001
 -3.9210416399243986e-001
 -3.8485052262161479e-001
 -3.7765745387359573e-001
 -3.7052522750857897e-001
 -3.6345411100500180e-001
 -3.5644436954951009e-001
 -3.4949626602701350e-001
 -3.4261006101082758e-001
 -3.3578601275289999e-001
 -3.2902437717412736e-001
 -3.2232540785475539e-001
 -3.1568935602486931e-001
 -3.0911647055497266e-001
 -3.0260699794665541e-001
 -2.9616118232334632e-001
 -2.8977926542115884e-001
 -2.8346148657982723e-001
 -2.7720808273372805e-001
 -2.7101928840299527e-001
 -2.6489533568472656e-001
 -2.5883645424427520e-001
 -2.5284287130664329e-001
 -2.4691481164795306e-001
 -2.4105249758702191e-001
 -2.3525614897702438e-001
 -2.2952598319724432e-001
 -2.2386221514492524e-001
 -2.1826505722721012e-001
 -2.1273471935317587e-001
 -2.0727140892596019e-001
 -2.0187533083498430e-001
 -1.9654668744826914e-001
 -1.9128567860484513e-001
 -1.8609250160725832e-001
 -1.8096735121417221e-001
 -1.7591041963305912e-001
 -1.7092189651299838e-001
 -1.6600196893755850e-001
 -1.6115082141778445e-001
 -1.5636863588527691e-001
 -1.5165559168536727e-001
 -1.4701186557039661e-001
 -1.4243763169308116e-001
 -1.3793306159998561e-001
 -1.3349832422508562e-001
 -1.2913358588343857e-001
 -1.2483901026493874e-001
 -1.2061475842818381e-001
 -1.1646098879443174e-001
 -1.1237785714166165e-001
 -1.0836551659873112e-001
 -1.0442411763963200e-001
 -1.0055380807784926e-001
 -9.6754733060816264e-002
 -9.3027035064472380e-002
 -8.9370853887917226e-002
 -8.5786326648171873e-002
 -8.2273587775032714e-002
 -7.8832769006032963e-002
 -7.5463999381499086e-002
 -7.2167405239715474e-002
 -6.8943110212181247e-002
 -6.5791235218978644e-002
 -6.2711898464235152e-002
 -5.9705215431692472e-002
 -5.6771298880372287e-002
 -5.3910258840352492e-002
 -5.1122202608636119e-002
 -4.8407234745129028e-002
 -4.5765457068719963e-002
 -4.3196968653461669e-002
 -4.0701865824852614e-002
 -3.8280242156226787e-002
 -3.5932188465245957e-002
 -3.3657792810490146e-002
 -3.1457140488157932e-002
 -2.9330314028865930e-002
 -2.7277393194554963e-002
 -2.5298454975498822e-002
 -2.3393573587415666e-002
 -2.1562820468684182e-002
 -1.9806264277667889e-002
 -1.8123970890135638e-002
 -1.6516003396795639e-002
 -1.4982422100925792e-002
 -1.3523284516113948e-002
 -1.2138645364101261e-002
 -1.0828556572727742e-002
 -9.5930672739874823e-003
 -8.4322238021853312e-003
 -7.3460696921971800e-003
 -6.3346456778410843e-003
 -5.3979896903456146e-003
 -4.5361368569301246e-003
 -3.7491194994870984e-003
 -3.0369671333672129e-003
 -2.3997064662777115e-003
 -1.8373613972752941e-003
 -1.3499530158728441e-003
 -9.3749960124740164e-004
 -6.0001662155622498e-004
 -3.3751673335451915e-004
 -1.5000978112246255e-004
 -3.7502796895590695e-005
