 -3.9976644536646520e+000
 -3.9906632694352964e+000
 -3.9790127989021005e+000
 -3.9627402522788278e+000
 -3.9418836348521036e+000
 -3.9164916582183320e+000
 -3.8866236265154868e+000
 -3.8523492979155529e+000
 -3.8137487217010908e+000
 -3.7709120513064192e+000
 -3.7239393337600992e+000
 -3.6729402760204541e+000
 -3.6180339887498962e+000
 -3.5593487081264450e+000
 -3.4970214963422031e+000
 -3.4311979214882422e+000
 -3.3620317175735948e+000
 -3.2896844254723412e+000
 -3.2143250156374217e+000
 -3.1361294934623110e+000
 -3.0552804882122659e+000
 -2.9719668264852128e+000
 -2.8863830911984834e+000
 -2.7987291671313912e+000
 -2.7092097740850716e+000
 -2.6180339887498945e+000
 -2.5254147563971743e+000
 -2.4315683935356147e+000
 -2.3367140826940767e+000
 -2.2410733605106454e+000
 -2.1448696003235264e+000
 -2.0483274904722646e+000
 -1.9516725095277359e+000
 -1.8551303996764750e+000
 -1.7589266394893543e+000
 -1.6632859173059238e+000
 -1.5684316064643886e+000
 -1.4745852436028271e+000
 -1.3819660112501053e+000
 -1.2907902259149291e+000
 -1.2012708328686101e+000
 -1.1136169088015173e+000
 -1.0280331735147878e+000
 -9.4471951178773461e-001
 -8.6387050653768882e-001
 -7.8567498436257788e-001
 -7.1031557452765892e-001
 -6.3796828242640546e-001
 -5.6880207851175790e-001
 -5.0297850365779784e-001
 -4.4065129187355534e-001
 -3.8196601125010538e-001
 -3.2705972397954669e-001
 -2.7606066623990178e-001
 -2.2908794869358032e-001
 -1.8625127829890903e-001
 -1.4765070208444667e-001
 -1.1337637348451400e-001
 -8.3508341781667411e-002
 -5.8116365147895872e-002
 -3.7259747721173110e-002
 -2.0987201097897951e-002
 -9.3367305647024772e-003
 -2.3355463353467039e-003
