  -3.9980424530399472e+00
  -3.9921736441498896e+00
  -3.9824050617988291e+00
  -3.9687558284454512e+00
  -3.9512526631050138e+00
  -3.9299298290456202e+00
  -3.9048290667162622e+00
  -3.8759995120379345e+00
  -3.8434976002177565e+00
  -3.8073869552744082e+00
  -3.7677382654911238e+00
  -3.7246291450400562e+00
  -3.6781439820488968e+00
  -3.6283737734071480e+00
  -3.5754159466354363e+00
  -3.5193741691665696e+00
  -3.4603581454116683e+00
  -3.3984834020086274e+00
  -3.3338710616733005e+00
  -3.2666476060960941e+00
  -3.1969446283481151e+00
  -3.1248985752815610e+00
  -3.0506504804285979e+00
  -2.9743456879215930e+00
  -2.8961335679751570e+00
  -2.8161672244869300e+00
  -2.7346031953295133e+00
  -2.6516011459202349e+00
  -2.5673235566685939e+00
  -2.4819354049132292e+00
  -2.3956038419710346e+00
  -2.3084978659306046e+00
  -2.2207879908305390e+00
  -2.1326459128702075e+00
  -2.0442441743063737e+00
  -1.9557558256936260e+00
  -1.8673540871297918e+00
  -1.7792120091694605e+00
  -1.6915021340693954e+00
  -1.6043961580289656e+00
  -1.5180645950867713e+00
  -1.4326764433314061e+00
  -1.3483988540797649e+00
  -1.2653968046704864e+00
  -1.1838327755130704e+00
  -1.1038664320248432e+00
  -1.0256543120784070e+00
  -9.4934951957140223e-01
  -8.7510142471843877e-01
  -8.0305537165188490e-01
  -7.3335239390390583e-01
  -6.6612893832669851e-01
  -6.0151659799137169e-01
  -5.3964185458833169e-01
  -4.8062583083343025e-01
  -4.2458405336456340e-01
  -3.7162622659285161e-01
  -3.2185601795110269e-01
  -2.7537085495994440e-01
  -2.3226173450887772e-01
  -1.9261304472559215e-01
  -1.5650239978224323e-01
  -1.2400048796206520e-01
  -9.5170933283737144e-02
  -7.0070170954380118e-02
  -4.8747336894986538e-02
  -3.1244171554548533e-02
  -1.7594938201170928e-02
  -7.8263558501104578e-03
  -1.9575469600527666e-03
