  -3.9981482302044604e+00
  -3.9925963498692161e+00
  -3.9833546397985806e+00
  -3.9704402135121213e+00
  -3.9538769855543632e+00
  -3.9336956272105548e+00
  -3.9099335097105095e+00
  -3.8826346350256937e+00
  -3.8518495543876989e+00
  -3.8176352746790054e+00
  -3.7800551528693527e+00
  -3.7391787786932213e+00
  -3.6950818457856620e+00
  -3.6478460115151079e+00
  -3.5975587457727296e+00
  -3.5443131689983280e+00
  -3.4882078797427205e+00
  -3.4293467720859212e+00
  -3.3678388432492206e+00
  -3.3037979917574249e+00
  -3.2373428065250063e+00
  -3.1685963472567371e+00
  -3.0976859165694393e+00
  -3.0247428242568475e+00
  -2.9499021441341009e+00
  -2.8733024639121281e+00
  -2.7950856285651122e+00
  -2.7153964776662516e+00
  -2.6343825771782132e+00
  -2.5521939461949383e+00
  -2.4689827791408199e+00
  -2.3849031639416598e+00
  -2.3001107966893040e+00
  -2.2147626933283253e+00
  -2.1290168988986324e+00
  -2.0430321948724446e+00
  -1.9569678051275561e+00
  -1.8709831011013676e+00
  -1.7852373066716738e+00
  -1.6998892033106947e+00
  -1.6150968360583398e+00
  -1.5310172208591806e+00
  -1.4478060538050621e+00
  -1.3656174228217877e+00
  -1.2846035223337491e+00
  -1.2049143714348882e+00
  -1.1266975360878724e+00
  -1.0500978558658995e+00
  -9.7525717574315285e-01
  -9.0231408343056130e-01
  -8.3140365274326289e-01
  -7.6265719347499294e-01
  -6.9620200824257483e-01
  -6.3216115675077877e-01
  -5.7065322791407802e-01
  -5.1179212025727860e-01
  -4.5568683100167157e-01
  -4.0244125422726995e-01
  -3.5215398848489132e-01
  -3.0491815421433738e-01
  -2.6082122130677809e-01
  -2.1994484713064655e-01
  -1.8236472532099418e-01
  -1.4815044561230034e-01
  -1.1736536497430594e-01
  -9.0066490289489529e-02
  -6.6304372789445037e-02
  -4.6123014445636823e-02
  -2.9559786487878340e-02
  -1.6645360201420038e-02
  -7.4036501307844504e-03
  -1.8517697955399478e-03
