  -3.9993976373924101e+00
  -3.9945809133573804e+00
  -3.9849590691974219e+00
  -3.9705552847778733e+00
  -3.9514042600770551e+00
  -3.9275521315908843e+00
  -3.8990563611860782e+00
  -3.8659855976694764e+00
  -3.8284195114070632e+00
  -3.7864486023910349e+00
  -3.7401739822174269e+00
  -3.6897071304994080e+00
  -3.6351696263031585e+00
  -3.5766928552532082e+00
  -3.5144176930129709e+00
  -3.4484941659029320e+00
  -3.3790810894741403e+00
  -3.3063456859075480e+00
  -3.2304631811612530e+00
  -3.1516163828356905e+00
  -3.0699952397741899e+00
  -2.9857963844595790e+00
  -2.8992226593092139e+00
  -2.8104826280099755e+00
  -2.7197900730699764e+00
  -2.6273634807977806e+00
  -2.5334255149497875e+00
  -2.4382024803137314e+00
  -2.3419237775205963e+00
  -2.2448213503984293e+00
  -2.1471291271993307e+00
  -2.0490824570458277e+00
  -1.9509175429541739e+00
  -1.8528708728006646e+00
  -1.7551786496015691e+00
  -1.6580762224793992e+00
  -1.5617975196862603e+00
  -1.4665744850502034e+00
  -1.3726365192022183e+00
  -1.2802099269300293e+00
  -1.1895173719900196e+00
  -1.1007773406907855e+00
  -1.0142036155404337e+00
  -9.3000476022580569e-01
  -8.4838361716431121e-01
  -7.6953681883874447e-01
  -6.0236260759235095e-04
  -5.4190866426202782e-03
  -1.5040930802581006e-02
  -2.9444715222118171e-02
  -4.8595739922943491e-02
  -7.2447868409121555e-02
  -1.0094363881392757e-01
  -1.3401440233052186e-01
  -1.7158048859293931e-01
  -2.1355139760896991e-01
  -2.5982601778257758e-01
  -3.1029286950058660e-01
  -3.6483037369683369e-01
  -6.9365431409244771e-01
  -4.2330714474678699e-01
  -4.8558230698702998e-01
  -6.2091891052586601e-01
  -5.5150583409706633e-01
