  -3.9976644536646537e+00
  -3.9906632694352973e+00
  -3.9790127989021018e+00
  -3.9627402522788269e+00
  -3.9418836348521045e+00
  -3.9164916582183325e+00
  -3.8866236265154859e+00
  -3.8523492979155529e+00
  -3.8137487217010899e+00
  -3.7709120513064192e+00
  -3.7239393337600983e+00
  -3.6729402760204528e+00
  -3.6180339887498940e+00
  -3.5593487081264441e+00
  -3.4970214963422013e+00
  -3.4311979214882418e+00
  -3.3620317175735934e+00
  -3.2896844254723407e+00
  -3.2143250156374221e+00
  -3.1361294934623114e+00
  -3.0552804882122651e+00
  -2.9719668264852124e+00
  -2.8863830911984834e+00
  -2.7987291671313916e+00
  -2.7092097740850720e+00
  -2.6180339887498953e+00
  -2.5254147563971738e+00
  -2.4315683935356116e+00
  -2.3367140826940762e+00
  -2.2410733605106454e+00
  -2.1448696003235241e+00
  -2.0483274904722646e+00
  -1.9516725095277356e+00
  -1.8551303996764752e+00
  -1.7589266394893539e+00
  -1.6632859173059229e+00
  -1.5684316064643877e+00
  -1.4745852436028262e+00
  -1.3819660112501053e+00
  -1.2907902259149289e+00
  -1.2012708328686088e+00
  -1.1136169088015173e+00
  -1.0280331735147876e+00
  -9.4471951178773417e-01
  -8.6387050653768827e-01
  -7.8567498436257721e-01
  -7.1031557452765859e-01
  -6.3796828242640591e-01
  -5.6880207851175779e-01
  -5.0297850365779762e-01
  -4.4065129187355490e-01
  -3.8196601125010499e-01
  -3.2705972397954630e-01
  -2.7606066623990172e-01
  -2.2908794869358046e-01
  -1.8625127829890936e-01
  -1.4765070208444714e-01
  -1.1337637348451364e-01
  -8.3508341781667328e-02
  -5.8116365147895824e-02
  -3.7259747721172888e-02
  -2.0987201097897645e-02
  -9.3367305647024008e-03
  -2.3355463353464416e-03
