 -3.9993976373924087e+000
 -3.9945809133573782e+000
 -3.9849590691974144e+000
 -3.9705552847778871e+000
 -3.9514042600770671e+000
 -3.9275521315908786e+000
 -3.8990563611860733e+000
 -3.8659855976694786e+000
 -3.8284195114070623e+000
 -3.7864486023910340e+000
 -3.7401739822174296e+000
 -3.6897071304994178e+000
 -3.6351696263031679e+000
 -3.5766928552532082e+000
 -3.5144176930129589e+000
 -3.4484941659029329e+000
 -3.3790810894741328e+000
 -3.3063456859075480e+000
 -3.2304631811612521e+000
 -3.1516163828356794e+000
 -3.0699952397741894e+000
 -2.9857963844595616e+000
 -2.8992226593092059e+000
 -2.8104826280099759e+000
 -2.7197900730699702e+000
 -2.6273634807977828e+000
 -2.5334255149497977e+000
 -2.4382024803137381e+000
 -2.3419237775205950e+000
 -2.2448213503984302e+000
 -2.1471291271993329e+000
 -2.0490824570458295e+000
 -1.9509175429541759e+000
 -1.8528708728006629e+000
 -1.7551786496015693e+000
 -1.6580762224794017e+000
 -1.5617975196862646e+000
 -1.4665744850501996e+000
 -1.3726365192022201e+000
 -1.2802099269300262e+000
 -1.1895173719900196e+000
 -1.1007773406907864e+000
 -1.0142036155404324e+000
 -9.3000476022580314e-001
 -8.4838361716431077e-001
 -7.6953681883874714e-001
 -6.0236260759126848e-004
 -5.4190866426188419e-003
 -1.5040930802579162e-002
 -2.9444715222117467e-002
 -4.8595739922942617e-002
 -7.2447868409120930e-002
 -1.0094363881392737e-001
 -1.3401440233052209e-001
 -1.7158048859293912e-001
 -2.1355139760896971e-001
 -2.5982601778257886e-001
 -3.1029286950058643e-001
 -3.6483037369683335e-001
 -6.9365431409244693e-001
 -4.2330714474678716e-001
 -4.8558230698702998e-001
 -6.2091891052586612e-001
 -5.5150583409706633e-001
