 -3.9993976373924105e+000
 -3.9945809133573715e+000
 -3.9849590691974175e+000
 -3.9705552847778791e+000
 -3.9514042600770534e+000
 -3.9275521315908719e+000
 -3.8990563611860760e+000
 -3.8659855976694719e+000
 -3.8284195114070556e+000
 -3.7864486023910211e+000
 -3.7401739822174216e+000
 -3.6897071304994196e+000
 -3.6351696263031612e+000
 -3.5766928552531998e+000
 -3.5144176930129642e+000
 -3.4484941659029338e+000
 -3.3790810894741292e+000
 -3.3063456859075577e+000
 -3.2304631811612605e+000
 -3.1516163828356856e+000
 -3.0699952397741863e+000
 -2.9857963844595599e+000
 -2.8992226593092116e+000
 -2.8104826280099773e+000
 -2.7197900730699645e+000
 -2.6273634807977775e+000
 -2.5334255149497888e+000
 -2.4382024803137399e+000
 -2.3419237775205990e+000
 -2.2448213503984316e+000
 -2.1471291271993356e+000
 -2.0490824570458241e+000
 -1.9509175429541710e+000
 -1.8528708728006658e+000
 -1.7551786496015713e+000
 -1.6580762224793966e+000
 -1.5617975196862646e+000
 -1.4665744850502027e+000
 -1.3726365192022172e+000
 -1.2802099269300293e+000
 -1.1895173719900216e+000
 -6.0236260759229370e-004
 -5.4190866426203459e-003
 -1.5040930802580392e-002
 -2.9444715222117643e-002
 -4.8595739922942749e-002
 -7.2447868409120139e-002
 -1.0094363881392671e-001
 -1.3401440233052256e-001
 -1.7158048859293840e-001
 -2.1355139760897010e-001
 -2.5982601778257697e-001
 -3.1029286950058682e-001
 -3.6483037369683280e-001
 -4.2330714474678749e-001
 -4.8558230698703048e-001
 -5.5150583409706588e-001
 -6.2091891052586579e-001
 -6.9365431409244560e-001
 -7.6953681883874570e-001
 -8.4838361716430921e-001
 -1.1007773406907886e+000
 -9.3000476022580658e-001
 -1.0142036155404326e+000
