   4.6115763351386310e-15
  -3.9999999999999916e+00
  -3.9997294651491955e+00
  -3.9989179337858869e+00
  -3.9975656254576148e+00
  -3.9956729060108862e+00
  -3.9932402874922834e+00
  -3.9902684280098955e+00
  -3.9867581315552818e+00
  -3.9827103477859609e+00
  -3.9781261717685128e+00
  -3.9730068436823327e+00
  -3.9673537484840731e+00
  -3.9611684155329745e+00
  -3.9544525181772050e+00
  -3.9472078733010214e+00
  -3.9394364408333349e+00
  -3.9311403232175248e+00
  -3.9223217648424686e+00
  -3.9129831514355784e+00
  -3.9031270094172421e+00
  -3.8818729445539586e+00
  -3.8927560052173726e+00
  -3.8704807716742962e+00
  -3.8585825685581803e+00
  -3.8461815540841440e+00
  -3.8332810831588215e+00
  -3.8198846458091835e+00
  -3.6953209675871066e+00
  -3.8059958662384541e+00
  -3.7125436091367949e+00
  -3.7293029479566742e+00
  -3.7455944500615499e+00
  -3.7614137080323364e+00
  -3.7767564422083861e+00
  -3.7916185018454875e+00
  -3.6776396826323881e+00
  -3.6218924139734270e+00
  -3.6409204389080005e+00
  -3.5621968517113891e+00
  -3.6024256106166157e+00
  -3.6595045376764683e+00
  -3.5414457794442624e+00
  -3.5825252952863300e+00
  -3.5202776923731762e+00
  -3.4083863306405622e+00
  -3.4315513896652639e+00
  -3.4767134919079883e+00
  -3.4543291641483331e+00
  -3.4986983172033859e+00
  -3.3848402540300340e+00
  -3.3609195298680277e+00
  -3.3366306295440280e+00
  -3.1835402499845178e+00
  -3.2098968561550163e+00
  -3.2359261430600408e+00
  -3.2616210688703702e+00
  -3.2869746822130392e+00
  -3.1568634549290651e+00
  -3.1298736879914495e+00
  -3.3119801240520674e+00
  -2.9617772466354308e+00
  -2.9904886858116653e+00
  -3.0189321632790627e+00
  -3.0470999840857158e+00
  -3.0749845278544039e+00
  -2.9328056131952525e+00
  -3.1025782508442155e+00
  -2.9035816233277014e+00
  -2.8444082648736804e+00
  -2.8144749047429265e+00
  -2.7843212007653246e+00
  -2.8741131831404796e+00
  -2.7539553105687187e+00
  -2.7233854491846348e+00
  -2.6926198868259883e+00
  -2.4724865689007500e+00
  -2.5043863102210917e+00
  -2.5361495974662489e+00
  -2.5677678375600435e+00
  -2.6616669466496012e+00
  -2.5992324766666139e+00
  -2.6305350025045326e+00
  -2.4404590034969638e+00
  -2.3436961673426402e+00
  -2.3760550909664895e+00
  -2.3112442619274360e+00
  -2.2787081540922647e+00
  -2.2460966459882243e+00
  -2.2134185601647669e+00
  -2.4083122785824225e+00
  -2.1806827371829587e+00
  -2.1478980332238451e+00
  -2.1150733176923442e+00
  -2.0822174708180325e+00
  -2.0493393812525027e+00
  -2.0164479436648288e+00
  -1.9835520563351772e+00
  -1.9506606187475100e+00
  -1.9177825291819819e+00
  -1.7865814398352418e+00
  -1.8193172628170220e+00
  -1.8849266823076625e+00
  -1.7539033540117819e+00
  -1.7212918459077355e+00
  -1.6887557380725553e+00
  -1.8521019667761633e+00
  -1.6563038326573567e+00
  -1.4322321624399654e+00
  -1.4638504025337542e+00
  -1.4956136897789212e+00
  -1.5275134310992651e+00
  -1.6239449090334914e+00
  -1.5916877214175673e+00
  -1.5595409965030211e+00
  -1.4007675233333785e+00
  -1.3073801131740101e+00
  -1.2766145508153721e+00
  -1.2460446894312927e+00
  -1.2156787992346725e+00
  -1.3383330533503988e+00
  -1.3694649974954918e+00
  -1.1855250952570786e+00
  -1.0095113141883307e+00
  -1.0382227533645805e+00
  -1.0671943868047455e+00
  -1.1555917351263314e+00
  -1.0964183766723086e+00
  -9.8106783672091713e-01
  -9.5290001591428297e-01
  -9.2501547214561308e-01
  -8.7012631200856261e-01
  -8.4313654507094427e-01
  -8.1645975001549620e-01
  -7.9010314384499536e-01
  -7.6407385693996199e-01
  -7.3837893112964481e-01
  -1.1258868168595315e+00
  -7.1302531778696365e-01
  -6.6336937045598421e-01
  -6.3908047013199087e-01
  -6.1515974596996326e-01
  -5.9161366935944437e-01
  -5.6844861033475114e-01
  -5.4567083585168519e-01
  -2.7053485080128311e-04
  -1.0820662140999054e-03
  -1.7289652214039584e-02
  -2.1873828231477918e-02
  -2.6993156317661162e-02
  -1.3241868444722853e-02
  -2.4343745423787188e-03
  -9.7315719901045067e-03
  -6.7597125077114495e-03
  -5.2328650809205901e-01
  -4.5855422055574840e-01
  -4.7972230762684898e-01
  -4.3780314828860850e-01
  -4.1747470471367087e-01
  -3.9757438938338152e-01
  -6.8859676782476037e-02
  -6.0563559166649711e-02
  -5.2792126698981486e-02
  -3.2646251515929599e-02
  -7.7678235157521786e-02
  -8.7016848564409471e-02
  -4.5547481822799281e-02
  -3.7810758602658640e-01
  -3.5907956109200995e-01
  -9.6872990582756904e-02
  -1.1812705544602359e-01
  -1.2951922832567647e-01
  -1.4141743144182048e-01
  -1.5381844591585325e-01
  -1.6671891684117032e-01
  -1.8011535419079833e-01
  -3.0467903241289723e-01
  -2.8745639086321406e-01
  -2.7069705204332101e-01
  -8.9742174915579020e-01
  -3.2236031736760773e-01
  -2.3858629196766967e-01
  -2.2324355779159882e-01
  -1.9400413376155373e-01
  -2.5440554993843939e-01
  -6.8801987594791569e-01
  -5.0130168279662912e-01
  -3.4049546232355760e-01
  -2.0838149815453122e-01
  -1.0724399478265274e-01
  -3.8831584467018274e-02
  -4.3270939891074502e-03
