  -4.0000000000000062e+00
  -3.9997404499427645e+00
  -3.9989618671372376e+00
  -3.9976644536646546e+00
  -3.9958485462687667e+00
  -3.9935146162684303e+00
  -3.9906632694353070e+00
  -3.9872952458366413e+00
  -3.9834114196431401e+00
  -3.9790127989021165e+00
  -3.9741005252758321e+00
  -3.9686758737451986e+00
  -3.9627402522788313e+00
  -3.9562952014676127e+00
  -3.9493423941248680e+00
  -3.9418836348521205e+00
  -3.9339208595707542e+00
  -3.9254561350195827e+00
  -3.9164916582183391e+00
  -3.8523492979155525e+00
  -3.9070297558974856e+00
  -3.8642589311471145e+00
  -3.8756846958664042e+00
  -3.8866236265155005e+00
  -3.8970728838943116e+00
  -3.8399588873176604e+00
  -3.7400498910828701e+00
  -3.8270909152852113e+00
  -3.7557088183568030e+00
  -3.8137487217011019e+00
  -3.7709120513064098e+00
  -3.7856556439317290e+00
  -3.7999357695324436e+00
  -3.7239393337601077e+00
  -3.7073813278845469e+00
  -3.6903801710875905e+00
  -3.5988855268069959e+00
  -3.6180339887498976e+00
  -3.6367624898783637e+00
  -3.6729402760204359e+00
  -3.6550661692088937e+00
  -3.5793220740340970e+00
  -3.5593487081264521e+00
  -3.5389706131723435e+00
  -3.4535182723004447e+00
  -3.5181930783074780e+00
  -3.4754613623618704e+00
  -3.4311979214882333e+00
  -3.4085061031735955e+00
  -3.4970214963422328e+00
  -3.3854487070192008e+00
  -3.3620317175735952e+00
  -3.1885660787052430e+00
  -3.2143250156374248e+00
  -3.3382612127177156e+00
  -3.2397687744422687e+00
  -3.2896844254723412e+00
  -3.2648907511907543e+00
  -3.0552804882122699e+00
  -3.1624986493792813e+00
  -3.1361294934623136e+00
  -3.0825134548558690e+00
  -3.0277736234575272e+00
  -2.9999999999999956e+00
  -2.9719668264852199e+00
  -3.3141433620874530e+00
  -2.9436813789249867e+00
  -2.9151509988087994e+00
  -3.1094654550702825e+00
  -2.8573851228061087e+00
  -2.8281646200560302e+00
  -2.7987291671313921e+00
  -2.7690864040057042e+00
  -2.7392440244598260e+00
  -2.5564349278328997e+00
  -2.7092097740850654e+00
  -2.5873106765512617e+00
  -2.6789914482728561e+00
  -2.6180339887498971e+00
  -2.4942582135313498e+00
  -2.5254147563971809e+00
  -2.4629733859179077e+00
  -2.4315683935356152e+00
  -2.3049102230206855e+00
  -2.3367140826940798e+00
  -2.2730272238814631e+00
  -2.2410733605106494e+00
  -2.3684305482080337e+00
  -2.2090569265353173e+00
  -2.6485968901914063e+00
  -1.7909430734646894e+00
  -2.1769862318227093e+00
  -2.1448696003235264e+00
  -2.1127153679112669e+00
  -2.0805318802188215e+00
  -2.0483274904722686e+00
  -2.0161105573227824e+00
  -1.9838894426772176e+00
  -1.9516725095277299e+00
  -1.9194681197811754e+00
  -1.8872846320887307e+00
  -1.7269727761185298e+00
  -1.7589266394893461e+00
  -1.8230137681772829e+00
  -1.6950897769793045e+00
  -1.5057417864686575e+00
  -1.4435650721670896e+00
  -1.4745852436028155e+00
  -1.6632859173059222e+00
  -2.4000513875520846e+00
  -1.6315694517919828e+00
  -1.5370266140821194e+00
  -1.2012708328686068e+00
  -1.2309135959943009e+00
  -1.2607559755401778e+00
  -1.2907902259149204e+00
  -1.4126893234487443e+00
  -1.3819660112501144e+00
  -1.8551303996764832e+00
  -1.5684316064643831e+00
  -1.3210085517271539e+00
  -1.1718353799439722e+00
  -9.7222637654246746e-01
  -9.9999999999999956e-01
  -1.1426148771938973e+00
  -1.0280331735147930e+00
  -1.0563186210750430e+00
  -1.0848490011912144e+00
  -9.4471951178773550e-01
  -9.1748654514413541e-01
  -1.5999486124479196e+00
  -1.3514031098086352e+00
  -8.6387050653769115e-01
  -8.3750135062072950e-01
  -8.1143392129476810e-01
  -7.8567498436257899e-01
  -7.6023122555772438e-01
  -7.3510924880924311e-01
  -7.1031557452765792e-01
  -6.6173878728228519e-01
  -6.3796828242640602e-01
  -6.1455129298080124e-01
  -5.9149389682642339e-01
  -5.6880207851176001e-01
  -5.4648172769955561e-01
  -5.2453863763814157e-01
   1.9502151639384930e-15
  -2.5955005724890570e-04
  -1.0381328627695129e-03
  -2.3355463353471580e-03
  -4.6102938682766942e-01
  -4.4065129187355495e-01
  -4.8180692169254002e-01
  -4.2067792596591186e-01
  -6.4853837315802564e-03
  -9.3367305647024997e-03
  -1.2704754163373268e-02
  -1.6588580356875292e-02
  -2.0987201097898037e-02
  -2.5899474724173480e-02
  -8.3508341781667828e-02
  -7.4543864980417929e-02
  -6.6079140429247576e-02
  -5.8116365147895595e-02
  -5.0657605875144743e-02
  -3.1324126254804310e-02
  -4.3704798532389615e-02
  -3.8196601125010787e-01
  -2.7606066623990128e-01
  -9.2970244102527966e-02
  -1.2431530413359190e-01
  -1.3574106885286386e-01
  -1.1337637348451284e-01
  -4.0111447319299792e-01
  -2.9261867211545728e-01
  -2.4429118164318939e-01
  -2.5995010891712167e-01
  -3.2705972397954830e-01
  -3.4493383079110285e-01
  -2.2908794869357940e-01
  -1.4765070208444650e-01
  -1.7290908471479749e-01
  -1.6004111268235197e-01
  -2.1434435606827110e-01
  -3.6323751012162636e-01
  -1.8625127829890878e-01
  -3.0961982891241124e-01
  -2.0006423046757504e-01
  -6.8585663791254003e-01
  -5.0297850365779806e-01
  -1.0292711610571026e-01
  -3.7259747721173013e-02
  -2.8863830911984949e+00
  -1.1136169088015160e+00
  -8.9053454492972417e-01
  -4.1514537312393792e-03
