  -3.9058840008543227e+00
  -3.9132088390009030e+00
  -3.9202432907492648e+00
  -4.0000000000000080e+00
  -3.9998482202296599e+00
  -3.9993929039557488e+00
  -3.9986341202860514e+00
  -3.9975719843885784e+00
  -3.9962066574740898e+00
  -3.9945383467715732e+00
  -3.9925673054968653e+00
  -3.9902938328141251e+00
  -3.9877182737905490e+00
  -3.9848410193438779e+00
  -3.9816625061831310e+00
  -3.9781832167422837e+00
  -3.9744036791071391e+00
  -3.9703244669350237e+00
  -3.9659461993678051e+00
  -3.9612695409379404e+00
  -3.9269862884119480e+00
  -3.9562952014676003e+00
  -3.9510239359608663e+00
  -3.9454565444891991e+00
  -3.9334368085383615e+00
  -3.9395938720700152e+00
  -3.8982698880718010e+00
  -3.8903676563216365e+00
  -3.8821785050027362e+00
  -3.8270909152852015e+00
  -3.8737036770626383e+00
  -3.8649444588087207e+00
  -3.8559021797131545e+00
  -3.8465782122109626e+00
  -3.8369739714918416e+00
  -3.8169305436390468e+00
  -3.8064943986922515e+00
  -3.7957840644405194e+00
  -3.7848011664959045e+00
  -3.7735473718401460e+00
  -3.7620243885715792e+00
  -3.7502339656459811e+00
  -3.7381778926110574e+00
  -3.7258579993347865e+00
  -3.5425959246943681e+00
  -3.5581611490513589e+00
  -3.7004342714592546e+00
  -3.7132761557277765e+00
  -3.6873342956675437e+00
  -3.6739782166639605e+00
  -3.6603680616310941e+00
  -3.6465058963151789e+00
  -3.6323938247124330e+00
  -3.5734898760669811e+00
  -3.5885797791505656e+00
  -3.6180339887499184e+00
  -3.6034285679601279e+00
  -3.5267965654822095e+00
  -3.5107654694379691e+00
  -3.4945050697578006e+00
  -3.3922678919258606e+00
  -3.4098510938122968e+00
  -3.4272203088235083e+00
  -3.4443729006640118e+00
  -3.4613062659173761e+00
  -3.4780178344413404e+00
  -3.3744733719385356e+00
  -3.2248404060985076e+00
  -3.2442256334429613e+00
  -3.2634220125065032e+00
  -3.2824266296671594e+00
  -3.3564702346984712e+00
  -3.3012366004085010e+00
  -3.3198490697574536e+00
  -3.3382612127177209e+00
  -2.9570231382025756e+00
  -3.2052692727585055e+00
  -2.9785858338678493e+00
  -3.1655811978663193e+00
  -3.1454702801610148e+00
  -3.1251855032396514e+00
  -3.1047299459210134e+00
  -3.0000000000000013e+00
  -3.0841067129449051e+00
  -3.0633189345008560e+00
  -3.0212623863618111e+00
  -3.0423697657531825e+00
  -3.1855152039251138e+00
  -2.9353151857851763e+00
  -2.9134652714436844e+00
  -2.8914767115530942e+00
  -2.8693528435319449e+00
  -2.8470970253358461e+00
  -2.8247126349478107e+00
  -2.8022030698654348e+00
  -2.7568221000846194e+00
  -2.7339575832993295e+00
  -2.7109816666006243e+00
  -2.6878978372678550e+00
  -2.5709831725506866e+00
  -2.5945537012623996e+00
  -2.6180339887498807e+00
  -2.6647095989593166e+00
  -2.6414204711805045e+00
  -2.5473259801441608e+00
  -2.5235857147260838e+00
  -2.3067833097573773e+00
  -2.3311077523682835e+00
  -2.3553819395205333e+00
  -2.3796021868836439e+00
  -2.4037648183140230e+00
  -2.4997659795884668e+00
  -2.4278661664129917e+00
  -2.4519025730835060e+00
  -2.7795717465853862e+00
  -2.4758703900852450e+00
  -2.1845367189266103e+00
  -2.2090569265353150e+00
  -2.2335454035317115e+00
  -2.2579984330603993e+00
  -2.1599885023770922e+00
  -1.9630421900817387e+00
  -1.9876801067237275e+00
  -2.0123198932762709e+00
  -2.0369578099182530e+00
  -2.1354160028094298e+00
  -2.2824123036461832e+00
  -1.7420015669395919e+00
  -1.7664545964682865e+00
  -1.7909430734646874e+00
  -1.8154632810733897e+00
  -1.8400114976229103e+00
  -1.8645839971905831e+00
  -1.9384098828876604e+00
  -2.1108229498319346e+00
  -2.0862130761725943e+00
  -2.0615901171123570e+00
  -1.8891770501680549e+00
  -1.9137869238273977e+00
  -1.6932166902426378e+00
  -1.6688922476317389e+00
  -1.6446180604794618e+00
  -1.6203978131163419e+00
  -1.5962351816859757e+00
  -1.5721338335870005e+00
  -1.4290168274493114e+00
  -1.5480974269165029e+00
  -1.4526740198558301e+00
  -1.4764142852739157e+00
  -1.5002340204115374e+00
  -1.7175876963538175e+00
  -1.4054462987375969e+00
  -1.3819660112501104e+00
  -1.3585795288195006e+00
  -1.5241296099147574e+00
  -1.3352904010406637e+00
  -1.2890183333993586e+00
  -1.3121021627321456e+00
  -1.2660424167006505e+00
  -1.2431778999153698e+00
  -1.1977969301345583e+00
  -1.2204282534146376e+00
  -1.1752873650521904e+00
  -1.0214141661321585e+00
  -1.0429768617974278e+00
  -1.0646848142148266e+00
  -1.0865347285563192e+00
  -1.1306471564680758e+00
  -1.1529029746641424e+00
  -1.1085232884469240e+00
  -9.9999999999999778e-01
  -9.7873761363818335e-01
  -9.5763023424682459e-01
  -9.3668106549912244e-01
  -8.9527005407898919e-01
  -9.1589328705509765e-01
  -8.7481449676035428e-01
  -8.5452971983899040e-01
  -8.3441880213367869e-01
  -6.9876339959151612e-01
  -7.1757337033284252e-01
  -7.3657798749349546e-01
  -7.5577436655705243e-01
  -7.7515959390150035e-01
  -7.9473072724148763e-01
  -8.1448479607489521e-01
  -6.8015093024255946e-01
  -6.4352976530153505e-01
  -6.2552662806147541e-01
  -6.0773210807414757e-01
  -5.9014890618770810e-01
  -5.7277969117649707e-01
  -5.5562709933598364e-01
  -5.3869373408261523e-01
  -5.0549493024222147e-01
  -4.5740407530564031e-01
  -4.4183885094866310e-01
  -4.8923453056201277e-01
  -4.2651012393303395e-01
  -3.3963193836889816e-01
  -3.5349410368482642e-01
  -3.2602178333604281e-01
  -3.1266570433246765e-01
  -2.6182210738894190e-01
  -2.4976603435401512e-01
  -2.3797561142843279e-01
   5.5611533339159515e-16
  -1.5177977033779431e-04
  -6.0709604425745599e-04
  -1.3658797139550040e-03
  -3.7933425259122576e-03
  -5.4616532284233431e-03
  -7.4326945031405103e-03
  -9.7061671858711864e-03
  -1.2281726209452727e-02
  -1.5158980656128074e-02
  -4.1142022084942992e-01
  -3.6760617528755901e-01
  -3.8196601125010776e-01
  -2.2645262815987716e-01
  -2.9956572854077285e-01
  -2.1519883350410601e-01
  -8.6791160999117253e-02
  -7.9756709250743782e-02
  -9.4115999145686122e-02
  -7.3013711588033395e-02
  -1.8337493816879918e-02
  -3.8730459062043837e-02
  -3.4053800632196506e-02
  -4.3704798532388435e-02
  -2.5596320892862085e-02
  -2.9675533064987155e-02
  -4.7320343451779212e-01
  -2.7414200066522237e-01
  -1.0173011192819684e-01
  -2.0421593555948372e-01
  -4.8976064039126035e-02
  -1.7290908471479904e-01
  -1.8306945636095373e-01
  -1.6302602850815417e-01
  -6.6563191461624802e-02
  -1.5342178778902152e-01
  -1.0963234367836111e-01
  -1.2629632293737886e-01
  -1.3505554119128815e-01
  -6.6173878728228075e-01
  -5.4543455510791011e-02
  -1.4409782028685036e-01
  -5.2198216555868171e-01
  -3.9657143203986733e-01
  -2.8672384427227310e-01
  -1.9350560130774336e-01
  -1.1782149499725632e-01
  -6.0406127929981179e-02
  -2.1816783257708073e-02
  -2.4280156114201441e-03
