  -2.4353094741998361e-15
  -3.8936977416591674e+00
  -3.9013619767164278e+00
  -3.9087464684715427e+00
  -3.9158501304600701e+00
  -3.9999999999999969e+00
  -3.9998528721487046e+00
  -3.9994115102414383e+00
  -3.9986759792148345e+00
  -3.9976463872859669e+00
  -3.9963228859365163e+00
  -3.9947056698903567e+00
  -3.9927949770850431e+00
  -3.9905910886366986e+00
  -3.9880943287986748e+00
  -3.9853050649139017e+00
  -3.9822237073607645e+00
  -3.9788507094927912e+00
  -3.9751865675718996e+00
  -3.9226719175355362e+00
  -3.9712318206954245e+00
  -3.9669870507167788e+00
  -3.9624528821598375e+00
  -3.9576299821270955e+00
  -3.9525190602014524e+00
  -3.9471208683418921e+00
  -3.9414362007727681e+00
  -3.9292108260230267e+00
  -3.9354658938670091e+00
  -3.8857548909221635e+00
  -3.8775345931200302e+00
  -3.8419037284791049e+00
  -3.8512213146974261e+00
  -3.8690380576874568e+00
  -3.8602665347014815e+00
  -3.7691745216709771e+00
  -3.7803580689303340e+00
  -3.7912796759324632e+00
  -3.8323151469228915e+00
  -3.8224569807762712e+00
  -3.8123306804499912e+00
  -3.8019377358048301e+00
  -3.7577306795657037e+00
  -3.7460282263223825e+00
  -3.6570192984876750e+00
  -3.7340688836978204e+00
  -3.6704817223838817e+00
  -3.6836983718936440e+00
  -3.6966673024797627e+00
  -3.7093866060512730e+00
  -3.7218544112444523e+00
  -3.6433130809025482e+00
  -3.6293650861948121e+00
  -3.6151773665029925e+00
  -3.6007520092357690e+00
  -3.5860911367649955e+00
  -3.4439121879090400e+00
  -3.4605915801302825e+00
  -3.5711969061133253e+00
  -3.5560715086368822e+00
  -3.5407171697029409e+00
  -3.5251361483623476e+00
  -3.5093307370173377e+00
  -3.4770560786507381e+00
  -3.4933032610841179e+00
  -3.4270203559901407e+00
  -3.4099185696325107e+00
  -3.3750952287173703e+00
  -3.3926093449852450e+00
  -3.3573787976431495e+00
  -3.3213494467801667e+00
  -3.3030418279123532e+00
  -3.2845424953002764e+00
  -3.2658541707109419e+00
  -3.2469796037174636e+00
  -3.3394626583430620e+00
  -3.0069948934090456e+00
  -3.2279215712942850e+00
  -3.0486145671144809e+00
  -3.0691945086458161e+00
  -3.0896171418864604e+00
  -3.1098794620983234e+00
  -3.1299784881297263e+00
  -3.2086828774087315e+00
  -3.1499112628541726e+00
  -3.1892663526085903e+00
  -3.1696748536053394e+00
  -2.9220025689475246e+00
  -2.9434619960028439e+00
  -2.9647826135219293e+00
  -2.9859612846481056e+00
  -2.9004074896353287e+00
  -2.8786799353039361e+00
  -2.8348402075173578e+00
  -2.8127344841071680e+00
  -2.7905091848186490e+00
  -2.7681675796123342e+00
  -2.7457129555606037e+00
  -2.7231486163640684e+00
  -2.7004778818654320e+00
  -3.0278803451750442e+00
  -2.8568231026816795e+00
  -2.6548305841106394e+00
  -2.6318607368433695e+00
  -2.6087979252635245e+00
  -2.5856455425530971e+00
  -2.5624069950723709e+00
  -2.5390857018589172e+00
  -2.3499505777677743e+00
  -2.3738093970174128e+00
  -2.3976132184936771e+00
  -2.5156850941244877e+00
  -2.4213585399914548e+00
  -2.4450418679126340e+00
  -2.4686597177800467e+00
  -2.6777040875611351e+00
  -2.4922086147502132e+00
  -2.3260402710415464e+00
  -2.2780792737053024e+00
  -2.2540356394937615e+00
  -2.2299546295644199e+00
  -2.2058397869045394e+00
  -2.3020819947108171e+00
  -2.1816946594791116e+00
  -2.1575227997088575e+00
  -2.1333277639475199e+00
  -2.0606392122597552e+00
  -2.0363870964102304e+00
  -2.0121296270054083e+00
  -1.9878703729945959e+00
  -1.9636129035897703e+00
  -2.1091131119587518e+00
  -2.0848824063922966e+00
  -1.9393607877402292e+00
  -1.8183053405208920e+00
  -1.8424772002911682e+00
  -1.7941602130954446e+00
  -1.7700453704355734e+00
  -1.9151175936076996e+00
  -1.7459643605062447e+00
  -1.8666722360524985e+00
  -1.7219207262946969e+00
  -1.6500494222322521e+00
  -1.6261906029826094e+00
  -1.6739597289584653e+00
  -1.6023867815063442e+00
  -1.5786414600085465e+00
  -1.3912020747364660e+00
  -1.4143544574468914e+00
  -1.4375930049276231e+00
  -1.4609142981410908e+00
  -1.4843149058755396e+00
  -1.5549581320873767e+00
  -1.5313402822199735e+00
  -1.8908868880412375e+00
  -1.3681392631566536e+00
  -1.3451694158893590e+00
  -1.2995221181345926e+00
  -1.2768513836359432e+00
  -1.2542870444393812e+00
  -1.2318324203876618e+00
  -1.2094908151813564e+00
  -1.1872655158928342e+00
  -1.0565380039971519e+00
  -1.0779974310524796e+00
  -1.0995925103646589e+00
  -1.1213200646960633e+00
  -1.1651597924826298e+00
  -1.0140387153518817e+00
  -9.9300510659096353e-01
  -9.5138543288553301e-01
  -9.3080549135420232e-01
  -9.1038285811353259e-01
  -8.9012053790167955e-01
  -8.7002151187027499e-01
  -1.0352173864780780e+00
  -8.5008873714583266e-01
  -1.6979180052891860e+00
  -1.5077913852497888e+00
  -7.7207842870572285e-01
  -7.5302039628253359e-01
  -7.3414582928904215e-01
  -7.1545750469972835e-01
  -6.9695817208764521e-01
  -6.7865055321983825e-01
  -5.5608781209095259e-01
  -5.7297964400985713e-01
  -5.9008143036748550e-01
  -6.0739065501475276e-01
  -6.2490477128264721e-01
  -6.4262120235685105e-01
  -8.3032514639467025e-01
  -7.9131712259125608e-01
  -8.1073364739143217e-01
  -6.6053734165694555e-01
  -5.3940841986970645e-01
  -5.0669673891589095e-01
  -4.9066926298266073e-01
  -4.7486385163765188e-01
  -4.5928283029707173e-01
  -4.4392849136312079e-01
  -7.2050229149482111e-03
  -5.2943301096332728e-03
  -1.4712785128997966e-04
  -5.8848975855665757e-04
  -1.3240207851686291e-03
  -3.6771140634856052e-03
  -3.4298070151231297e-01
  -3.5668691909745376e-01
  -3.2951827761610952e-01
  -3.1630162810633800e-01
  -3.0333269752024627e-01
  -2.5397177367762391e-01
  -2.6593111630216892e-01
  -9.4089113633014487e-03
  -1.1905671201325312e-02
  -1.4694935086105622e-02
  -1.7776292639243154e-02
  -4.2880309388669152e-01
  -2.4226932043430596e-01
  -2.3082547832902381e-01
  -2.1964193106967025e-01
  -3.3012949283230099e-02
  -2.8768179304583592e-02
  -3.7547117840163964e-02
  -4.1390886323500359e-01
  -2.0872032406752755e-01
  -1.7754301922372789e-01
  -1.6768485307708464e-01
  -1.5809627152089042e-01
  -2.4813432428110113e-02
  -4.2370017872907909e-02
  -4.7480939798544834e-02
  -3.7063491380518448e-01
  -3.8482263349700702e-01
  -2.7814558875556367e-01
  -1.4877868530255278e-01
  -1.8766931955002542e-01
  -1.3973346529850925e-01
  -5.2879131658110971e-02
  -8.4149869539923081e-02
  -9.1253531528467935e-02
  -7.7328082464468692e-02
  -1.0630225834084192e-01
  -1.3096194231254282e-01
  -7.0789173976977052e-02
  -1.1424510907783164e-01
  -5.2294392134925660e-01
  -3.9924799076422474e-01
  -2.9061339394871633e-01
  -6.4534106133002422e-02
  -1.9806226419516193e-01
  -1.2246540687998329e-01
  -9.8638023283575807e-02
  -5.8563799227238790e-02
  -2.1149290507220826e-02
  -1.3222959124388607e+00
  -1.1431768973183325e+00
  -9.7211965482496110e-01
  -2.3536127140275269e-03
