  -3.9999999999999978e+00
  -3.9919485879904788e+00
  -3.9678591771972620e+00
  -3.9279257213917096e+00
  -3.8724697412794855e+00
  -3.8019377358048412e+00
  -3.7168975872037375e+00
  -3.6180339887498887e+00
  -3.5061429320072133e+00
  -3.3821252979737308e+00
  -3.2469796037174672e+00
  -3.1017939629042064e+00
  -2.9477373249460004e+00
  -2.7860500633078460e+00
  -2.6180339887498949e+00
  -2.4450418679126269e+00
  -2.2684665316353141e+00
  -2.0897296607010305e+00
  -1.9102703392989684e+00
  -1.7315334683646879e+00
  -1.5549581320873671e+00
  -1.3819660112501042e+00
  -1.2139499366921542e+00
  -1.0522626750540018e+00
  -8.9820603709579505e-01
  -7.5302039628253392e-01
  -5.9606412039213320e-16
  -8.0514120095226630e-03
  -3.2140822802740950e-02
  -7.2074278608293713e-02
  -1.2753025872052556e-01
  -1.9806226419516129e-01
  -2.8310241279626808e-01
  -3.8196601125010515e-01
  -4.9385706799277829e-01
  -6.1787470202627048e-01
