   6.1029037774936800e-15
  -3.9314973701246712e+00
  -3.9356891493630131e+00
  -3.9397506913032232e+00
  -3.9436817226760112e+00
  -3.9474819789932649e+00
  -3.9511512045655817e+00
  -3.9546891525196415e+00
  -3.9580955848147665e+00
  -3.9613702722588906e+00
  -3.9645129945240956e+00
  -3.9999999999999947e+00
  -3.9999327178652559e+00
  -3.9997308759879009e+00
  -3.9993944879483103e+00
  -3.9989235763793567e+00
  -3.9983181729650030e+00
  -3.9975783184380709e+00
  -3.9967040625775478e+00
  -3.9956954642052445e+00
  -3.9945525911818240e+00
  -3.9932755204021948e+00
  -3.9918643377904268e+00
  -3.9903191382938679e+00
  -3.9886400258768835e+00
  -3.9868271135137108e+00
  -3.9848805231809807e+00
  -3.9828003858494210e+00
  -3.9805868414751622e+00
  -3.9782400389901236e+00
  -3.9757601362922435e+00
  -3.9731473002346549e+00
  -3.9704017066145405e+00
  -3.9675235401612792e+00
  -3.8711488810887822e+00
  -3.8768790234727648e+00
  -3.8824828854294444e+00
  -3.8879600899189448e+00
  -3.9271756356199954e+00
  -3.9227242366245285e+00
  -3.9181434726378885e+00
  -3.8933102684232965e+00
  -3.9134336518636648e+00
  -3.9085950911886558e+00
  -3.8985330609710407e+00
  -3.9036281161615412e+00
  -3.8139613766246834e+00
  -3.8208096829779095e+00
  -3.8275354813687334e+00
  -3.8341383192710214e+00
  -3.8406177524317844e+00
  -3.8652928438136032e+00
  -3.8593113056539980e+00
  -3.8532046690605677e+00
  -3.7548216477597771e+00
  -3.7626327444112655e+00
  -3.7703252473689477e+00
  -3.7778986390648015e+00
  -3.8069910230776633e+00
  -3.7853524099448546e+00
  -3.7926860585034925e+00
  -3.7998990913171724e+00
  -3.8469733449009342e+00
  -3.6612283400843237e+00
  -3.6703075517827100e+00
  -3.6792743816233227e+00
  -3.6881282262987267e+00
  -3.7468924829617416e+00
  -3.7388457835082645e+00
  -3.7306820907984855e+00
  -3.6968684901033262e+00
  -3.7054945849735583e+00
  -3.7140059305273119e+00
  -3.7224019541030877e+00
  -3.6520373573969205e+00
  -3.6238000046407888e+00
  -3.6333225600893653e+00
  -3.6141681964614483e+00
  -3.6044277836000331e+00
  -3.5945794214122802e+00
  -3.5846237725170398e+00
  -3.5745615067516194e+00
  -3.5011981351997390e+00
  -3.5119873668448056e+00
  -3.5226748687521212e+00
  -3.5643933011267399e+00
  -3.5332599218437712e+00
  -3.5437418139347501e+00
  -3.5541198397809679e+00
  -3.4903078997394430e+00
  -3.4793173931822552e+00
  -3.2778792059051454e+00
  -3.2904558758860727e+00
  -3.3029457212408935e+00
  -3.4682273549928619e+00
  -3.4457516750098369e+00
  -3.4343675454279099e+00
  -3.4228869085355424e+00
  -3.4113105367744616e+00
  -3.3153479016261347e+00
  -3.3996392090276650e+00
  -3.3276615825966216e+00
  -3.3398859356616151e+00
  -3.3878737105670531e+00
  -3.3520201383405426e+00
  -3.3760148330003612e+00
  -3.1874832276958815e+00
  -3.2006436569584555e+00
  -3.2137233043527402e+00
  -3.2267212898521187e+00
  -3.2396367389243861e+00
  -3.2652165574833023e+00
  -2.9666684914980661e+00
  -2.9809974972572362e+00
  -3.1742429020267382e+00
  -3.1609235707884991e+00
  -3.0516333470282389e+00
  -3.0655520275448493e+00
  -3.0793990154463660e+00
  -3.0931733790779035e+00
  -3.1068741916708467e+00
  -3.1205005314052849e+00
  -3.1475261301340782e+00
  -2.9522744462192061e+00
  -2.9952604994106240e+00
  -2.9378163298827320e+00
  -2.9232951152615989e+00
  -2.7899273175423449e+00
  -2.8049719632754040e+00
  -2.8199624487763750e+00
  -2.8348977654533911e+00
  -2.8497769084264677e+00
  -2.9087117793741113e+00
  -2.8645988765950721e+00
  -2.8793626727055788e+00
  -3.0376439103750705e+00
  -3.0094565383129477e+00
  -3.4570385313327545e+00
  -3.1340514814719374e+00
  -2.4313219486361959e+00
  -2.4473264006101370e+00
  -2.6831837806595344e+00
  -2.6985790099589360e+00
  -2.7139272373712564e+00
  -2.7748295238130387e+00
  -2.7444785591204948e+00
  -2.7292274302350101e+00
  -2.6677425852969434e+00
  -2.5268757404710596e+00
  -2.5426835311914853e+00
  -2.5584548090054096e+00
  -2.5741885127876354e+00
  -2.5898835839410062e+00
  -2.6055389664675745e+00
  -2.6522564627877698e+00
  -2.6211536070398163e+00
  -2.7596795978993152e+00
  -3.6427352221094669e+00
  -2.3831387880904376e+00
  -2.3992270626701244e+00
  -2.4152884764007743e+00
  -2.4633007555089499e+00
  -2.5110325004260776e+00
  -2.4792439385438647e+00
  -2.2698598976876836e+00
  -2.2861057974982439e+00
  -2.3023324475000027e+00
  -2.3185387559292749e+00
  -2.3347236323910616e+00
  -2.3670247351152334e+00
  -3.3640633742183459e+00
  -2.2535958411271317e+00
  -2.2373147220970564e+00
  -2.2047056794162252e+00
  -2.1883799497715053e+00
  -2.1720415455216346e+00
  -2.1556915659493385e+00
  -2.1393311111161006e+00
  -2.1229612817882884e+00
  -2.1065831793629344e+00
  -2.0901979057937616e+00
  -2.3508859879323296e+00
  -1.8606688888839022e+00
  -1.8770387182117103e+00
  -2.0574102553769511e+00
  -2.0410100845523855e+00
  -2.2210176360257852e+00
  -1.8116200502285067e+00
  -1.8279584544783631e+00
  -1.8443084340506610e+00
  -1.8934168206370674e+00
  -1.9589899154476027e+00
  -1.9753928455181706e+00
  -1.9917974312106070e+00
  -2.0082025687893932e+00
  -2.0246071544818443e+00
  -3.0235846588244795e+00
  -1.6976675524999869e+00
  -1.7138942025017372e+00
  -1.7301401023123100e+00
  -1.7464041588728663e+00
  -1.9098020942062621e+00
  -1.9425897446230755e+00
  -1.5686780513638061e+00
  -1.5847115235992288e+00
  -1.6007729373298809e+00
  -1.6168612119095498e+00
  -1.6814612440707253e+00
  -1.7626852779029945e+00
  -1.7952943205838034e+00
  -2.6367264550713836e+00
  -1.6652763676089442e+00
  -1.5526735993898515e+00
  -1.5366992444910521e+00
  -1.5207560614561355e+00
  -1.4889674995739184e+00
  -1.6329752648847804e+00
  -2.4951548770235723e+00
  -2.0738065635169418e+00
  -1.7789823639742202e+00
  -1.4731242595289380e+00
  -1.4573164688085334e+00
  -1.2707725697650059e+00
  -1.2860727626287403e+00
  -1.4258114872123402e+00
  -1.4101164160589930e+00
  -1.3014209900410660e+00
  -1.3944610335324308e+00
  -1.3168162193404616e+00
  -1.3322574147030444e+00
  -1.3477435372122464e+00
  -1.3788463929601855e+00
  -1.4415451909945860e+00
  -1.1354011234049319e+00
  -1.1502230915735303e+00
  -1.1651022345465962e+00
  -1.1800375512236148e+00
  -1.1950280367246002e+00
  -1.2100726824576622e+00
  -1.0477255537807963e+00
  -1.0621836701172589e+00
  -1.0767048847384006e+00
  -1.0912882206258929e+00
  -1.1206373272944297e+00
  -1.2555214408794888e+00
  -1.2251704761869664e+00
  -1.9261934364831022e+00
  -1.6491140120676913e+00
  -7.7327871014788641e-01
  -7.8627669564726388e-01
  -7.9935634304154390e-01
  -8.1251677230412322e-01
  -1.0333315085019379e+00
  -1.0190025027427685e+00
  -1.0047395005893973e+00
  -9.9054346168704444e-01
  -9.4836665297178102e-01
  -9.6235608962496644e-01
  -9.2060098455363204e-01
  -9.3444797245515798e-01
  -9.0682662092210109e-01
  -8.9312580832916832e-01
  -8.7949946859473715e-01
  -8.2575709797325425e-01
  -8.3907642921153536e-01
  -7.6036326107562346e-01
  -7.3478344251671013e-01
  -7.2212079409484931e-01
  -7.0954412411390855e-01
  -6.9705427875908665e-01
  -6.8465209837385688e-01
  -6.7233841740337819e-01
  -5.7711309146445322e-01
  -5.8868946322554083e-01
  -6.6011406433838593e-01
  -6.0036079097232931e-01
  -6.1212628943297254e-01
  -6.2398516699961859e-01
  -6.4797986165946175e-01
  -5.6563245457207623e-01
  -5.5424832499016008e-01
  -8.1356622095775620e-03
  -6.7244795978021049e-03
  -5.4474088181747692e-03
  -4.3045357947435791e-03
  -3.2959374224439931e-03
  -6.7282134743527842e-05
  -4.8801263315520588e-01
  -4.9880186480027527e-01
  -5.0969210026055456e-01
  -5.2068260681776002e-01
  -2.4239863707755795e-02
  -2.1759961009871102e-02
  -1.9413158524847776e-02
  -1.7199614150565801e-02
  -1.5119476819017321e-02
  -1.3172886486281527e-02
  -9.6808617061211483e-03
  -2.6912401209364529e-04
  -2.4216815619269921e-03
  -4.7732513124788245e-01
  -5.2518021006746372e-02
  -4.8848795434430582e-02
  -4.5310847480367802e-02
  -3.8629727741110453e-02
  -3.5487005475914921e-02
  -2.6852699765352456e-02
  -6.0551205169232186e-04
  -4.6674007815625607e-01
  -8.6566348136335458e-02
  -8.1856527362117779e-02
  -7.7275763375483683e-02
  -7.2824364380015466e-02
  -6.8502629875338339e-02
  -5.6318277323986483e-02
  -4.2543849324839972e-01
  -4.1537622748297548e-01
  -4.3560669887328501e-01
  -4.0542057858773234e-01
  -3.9557221639998558e-01
  -3.8583180353856300e-01
  -3.7619999535923077e-01
  -9.1404908811342681e-02
  -9.6371883838451258e-02
  -4.5625818606527790e-01
  -3.6667743991061713e-01
  -2.4517835224021295e-01
  -2.2967475263104434e-01
  -1.4068869434600953e-01
  -1.3470715618639581e-01
  -1.2885111891123763e-01
  -1.2312097652722448e-01
  -1.1751711457056778e-01
  -1.1203991008106329e-01
  -4.1904415185249240e-02
  -2.9598293385475566e-02
  -1.0668973157672197e-01
  -1.6818270349955775e-03
  -1.0764236206402813e-03
  -6.4310850636978251e-02
  -1.2403204021006908e+00
  -8.5247386986593154e-01
  -3.3877165991568209e-01
  -2.5310751703826190e-01
  -2.3736725558872165e-01
  -2.2210136093519961e-01
  -8.6594851852804178e-01
  -5.3177264500713428e-01
  -3.4796264260308157e-01
  -3.2969244821729560e-01
  -2.6115421649173637e-01
  -1.8603862337532284e-01
  -1.7919031702208138e-01
  -1.6586168072897833e-01
  -1.5938224756821665e-01
  -1.4679533093942168e-01
  -5.4296146866725703e-01
  -2.6931790920151955e-01
  -2.8599406947270417e-01
  -2.9450541502644989e-01
  -1.7246451863127685e-01
  -2.1464759005515532e-01
  -1.9300897692232843e-01
  -3.2072561837668273e-01
  -3.0313150989666876e-01
  -2.0010090868282940e-01
  -3.1187177370127883e-01
  -1.3632735449286510e+00
  -4.4588016021904603e-01
  -2.7759804589693449e-01
  -2.0731394149652119e-01
  -9.7641534117553708e-01
  -6.3593662578167265e-01
  -6.0249308696790752e-02
  -3.2476459838723465e-02
  -1.0146693902897402e-01
  -1.5302665509909147e-01
  -3.2524687825905461e+00
  -2.8940673034182161e+00
  -7.4753121740947137e-01
  -1.1059326965817682e+00
  -1.5048451229764535e+00
  -1.1359974123111785e-02
  -3.5726477789056676e-01
