  -3.8101732342499077e+00
  -3.8153274473937717e+00
  -3.8204141084282681e+00
  -3.8254330280681685e+00
  -3.8303840195490237e+00
  -3.8352668986341900e+00
  -3.8400814836215336e+00
  -3.8448275953503503e+00
  -3.8495050572079696e+00
  -3.8541136951363022e+00
  -3.8586533376383128e+00
  -3.8631238157844954e+00
  -3.8675249632190560e+00
  -3.8718566161661672e+00
  -3.8761186134359953e+00
  -3.8803107964307486e+00
  -3.8844330091505830e+00
  -3.8884850981994199e+00
  -3.8924669127905549e+00
  -3.8963783047524108e+00
  -3.9002191285339523e+00
  -3.9039892412101591e+00
  -3.9076885024872632e+00
  -3.9113167747081077e+00
  -3.9148739228570908e+00
  -3.9183598145653629e+00
  -3.9217743201156119e+00
  -3.9251173124470209e+00
  -3.9283886671598860e+00
  -3.9315882625203011e+00
  -3.9347159794646336e+00
  -3.9377717016040523e+00
  -3.9407553152287984e+00
  -3.9436667093124234e+00
  -3.9465057755158388e+00
  -3.9492724081915007e+00
  -3.9519665043872783e+00
  -3.9545879638502495e+00
  -3.9571366890304409e+00
  -3.9596125850845172e+00
  -3.9620155598791817e+00
  -3.9643455239947878e+00
  -3.9666023907285206e+00
  -3.9687860760976554e+00
  -3.9708964988427544e+00
  -3.9729335804305652e+00
  -3.9748972450570568e+00
  -3.9767874196501984e+00
  -3.9786040338726432e+00
  -3.9803470201244120e+00
  -3.9820163135453313e+00
  -3.9836118520175696e+00
  -3.9851335761678022e+00
  -3.9865814293695072e+00
  -3.9879553577450610e+00
  -3.9892553101677168e+00
  -3.9904812382635426e+00
  -3.9916330964132190e+00
  -3.9927108417537034e+00
  -3.9937144341798443e+00
  -3.9946438363458938e+00
  -3.9954990136668544e+00
  -3.9962799343197748e+00
  -3.9969865692450446e+00
  -3.9976188921472331e+00
  -3.9999999999999813e+00
  -3.9999627879204467e+00
  -3.9998511530665808e+00
  -3.9996650995925376e+00
  -3.9994046344217633e+00
  -3.9990697672466955e+00
  -3.9986605105284623e+00
  -3.9981768794963317e+00
  -3.6801043781392049e+00
  -3.6866918404530082e+00
  -3.6932165374558479e+00
  -3.7943072126779445e+00
  -3.7888847341164786e+00
  -3.7996629213367012e+00
  -3.6996782263502115e+00
  -3.7833956874340067e+00
  -3.7778402768893318e+00
  -3.7722187092109141e+00
  -3.7431259211958117e+00
  -3.7490750877273080e+00
  -3.7549591675375478e+00
  -3.7060766666832539e+00
  -3.7124116203556929e+00
  -3.7607779416676239e+00
  -3.7371118893238866e+00
  -3.7310332159061765e+00
  -3.7665311935889227e+00
  -3.7248901271427348e+00
  -3.8049516607956808e+00
  -3.7186828516307120e+00
  -3.6734543956477017e+00
  -3.6667421404380920e+00
  -3.6599678622873921e+00
  -3.6531318132805652e+00
  -3.6462342478012362e+00
  -3.6392754225221013e+00
  -3.6322555963955954e+00
  -3.6251750306439980e+00
  -3.6180339887499060e+00
  -3.6108327364463109e+00
  -3.6035715417068275e+00
  -3.4712303529434165e+00
  -3.5962506747355838e+00
  -3.5888704079572475e+00
  -3.5814310160069600e+00
  -3.5739327757198911e+00
  -3.5663759661211878e+00
  -3.4957761703366481e+00
  -3.5038471914850842e+00
  -3.4794674476250744e+00
  -3.5118622513521931e+00
  -3.5587608684154679e+00
  -3.5433569443358386e+00
  -3.5277232963079155e+00
  -3.5355686911740043e+00
  -3.5198210516809856e+00
  -3.5510877659763089e+00
  -3.4876494882464160e+00
  -3.4629385107208357e+00
  -3.0695925719981592e+00
  -3.4461918199055153e+00
  -3.4377375944919519e+00
  -3.4545922295140357e+00
  -3.4292298678726589e+00
  -3.4120551793568517e+00
  -3.4206689566378836e+00
  -3.4033888565662003e+00
  -3.0798816797241000e+00
  -3.0901306028070739e+00
  -3.3858998663668500e+00
  -3.1003389598633535e+00
  -3.3946703107577769e+00
  -3.3770778497598339e+00
  -3.3682045892223571e+00
  -3.3592804149469031e+00
  -3.1105063710187335e+00
  -3.3412806554125396e+00
  -3.1206324579226949e+00
  -3.3503056590205005e+00
  -3.3322057399621090e+00
  -3.3230812503657634e+00
  -3.1307168437625301e+00
  -3.3139075261646735e+00
  -3.3046849087322494e+00
  -3.1407591532772274e+00
  -3.2860943687509785e+00
  -3.1607160501300520e+00
  -3.2767271379948091e+00
  -3.1706298948305225e+00
  -3.2483417908186420e+00
  -3.2578504978091356e+00
  -3.2195383734681009e+00
  -3.1903265322193732e+00
  -3.2291853722230730e+00
  -3.2001085919549821e+00
  -3.1507590127715766e+00
  -3.1805001779581961e+00
  -3.2954137412611924e+00
  -3.2098459931542109e+00
  -3.2387866304341428e+00
  -3.2673123975668501e+00
  -2.9964759945705239e+00
  -3.0070355922447631e+00
  -3.0175577160304683e+00
  -3.0280419743775084e+00
  -3.0488953356149207e+00
  -3.0592636625083633e+00
  -3.0384879771447966e+00
  -2.8449293646507079e+00
  -2.8559717299263743e+00
  -2.8669822427139686e+00
  -2.9323535575292730e+00
  -2.8779604932893847e+00
  -2.9431296989180713e+00
  -2.9106975926011351e+00
  -2.9752459507145503e+00
  -2.9538707444895191e+00
  -2.9215427213257290e+00
  -2.8889060731291054e+00
  -2.9645762945469198e+00
  -2.9858793159522681e+00
  -2.8998185749253174e+00
  -2.8227507214425653e+00
  -2.8004496143125639e+00
  -2.5127261556387781e+00
  -2.8116152688235361e+00
  -2.7892541734068810e+00
  -2.7780293627121329e+00
  -2.7554933038269405e+00
  -2.5245091732822833e+00
  -2.7441828942501201e+00
  -2.8338555577963316e+00
  -2.7328447920802907e+00
  -2.5362726728487281e+00
  -2.7667755999268158e+00
  -2.7214794192317293e+00
  -2.7100871986336412e+00
  -2.5480162165937932e+00
  -2.6642583319647359e+00
  -2.6757536945249956e+00
  -2.6872239108850295e+00
  -2.5597393675158417e+00
  -2.5831227466945852e+00
  -2.6527382509705721e+00
  -2.5714416893720276e+00
  -2.5947821048071087e+00
  -2.6411938802287076e+00
  -2.6986685542142510e+00
  -2.6064193298406817e+00
  -2.6296256493291805e+00
  -2.6180339887498847e+00
  -2.4297354449033204e+00
  -2.4416427732956958e+00
  -2.4535336672421018e+00
  -2.4654076842575767e+00
  -2.4891033207128648e+00
  -2.5009240583887586e+00
  -2.4772643824853158e+00
  -2.2857274670637393e+00
  -2.2977972889263856e+00
  -2.3098560291326424e+00
  -2.3459612746670624e+00
  -2.3579712053138357e+00
  -2.3219032389516983e+00
  -2.3819506576296297e+00
  -2.3939192869734134e+00
  -2.3699678151075991e+00
  -2.4178121251613613e+00
  -2.3339384700818542e+00
  -2.4058732577613573e+00
  -2.2736470126878308e+00
  -2.2494560049305869e+00
  -2.2373463517469676e+00
  -2.2252278664119935e+00
  -2.0183002843544955e+00
  -2.2131009998797495e+00
  -2.2009662034161703e+00
  -2.0548947242908238e+00
  -2.1645187514219653e+00
  -2.0792815604044077e+00
  -2.0914707799615995e+00
  -2.1523567535418446e+00
  -2.1036565957008464e+00
  -2.1766746272172357e+00
  -2.1280162020308904e+00
  -2.0304997172658612e+00
  -2.0670893906154761e+00
  -2.1401890861500852e+00
  -2.1888239285822380e+00
  -2.0426980152193170e+00
  -2.1158385541626119e+00
  -2.2615563753375350e+00
  -2.0061001704515151e+00
  -1.9938998295484913e+00
  -1.9816997156455116e+00
  -1.9329106093845283e+00
  -1.9451052757091916e+00
  -1.9695002827341508e+00
  -1.9573019847807136e+00
  -1.9207184395956125e+00
  -1.5702645550967136e+00
  -1.5821878748386617e+00
  -1.5941267422386771e+00
  -1.6060807130265888e+00
  -1.9085292200384207e+00
  -1.8963434042991556e+00
  -1.6180493423703708e+00
  -1.8476432464581780e+00
  -1.8598109138499275e+00
  -1.8719837979691176e+00
  -1.8841614458374092e+00
  -1.8354812485780303e+00
  -1.6300321848923902e+00
  -1.6420287946861742e+00
  -1.7868990001202545e+00
  -1.7747721335880291e+00
  -1.7990337965838425e+00
  -1.7626536482530670e+00
  -1.8233253727827594e+00
  -1.7022027110736153e+00
  -1.7142725329362869e+00
  -1.7505439950694319e+00
  -1.6540387253329309e+00
  -1.6901439708673585e+00
  -1.7263529873121806e+00
  -1.6780967610482973e+00
  -1.6660615299181454e+00
  -1.8111760714177987e+00
  -1.7384436246624630e+00
  -1.4872738443612425e+00
  -1.5583572267043073e+00
  -1.5345923157424266e+00
  -1.5464663327579131e+00
  -1.4990759416112323e+00
  -1.5108966792871228e+00
  -1.5227356175146929e+00
  -1.4754908267177356e+00
  -1.4637273271512921e+00
  -1.4519837834062199e+00
  -1.4402606324841793e+00
  -1.4168772533054341e+00
  -1.4052178951928858e+00
  -1.4285583106280098e+00
  -1.1440282700736166e+00
  -1.3935806701593403e+00
  -1.3819660112501089e+00
  -1.3472617490294305e+00
  -1.3357416680352856e+00
  -1.3588061197712900e+00
  -1.3242463054750218e+00
  -1.1883847311764804e+00
  -1.1995503856874450e+00
  -1.2899128013663643e+00
  -1.2671552079197326e+00
  -1.2785205807682862e+00
  -1.2558171057498762e+00
  -1.1772492785574513e+00
  -1.2107458265931292e+00
  -1.3127760891149671e+00
  -1.2219706372878885e+00
  -1.3703743506708337e+00
  -1.3013314457857648e+00
  -1.2332244000731665e+00
  -1.2445066961730646e+00
  -1.1550706353493028e+00
  -1.1330177572860274e+00
  -1.1220395067106166e+00
  -1.1110939268709084e+00
  -1.0893024073988660e+00
  -6.8609247383532779e-01
  -6.9531509126777957e-01
  -7.0458625873882019e-01
  -7.1390563124903839e-01
  -1.1661444422037250e+00
  -1.0676464424707417e+00
  -1.0784572786742810e+00
  -1.0568703010819382e+00
  -1.1001814250747051e+00
  -7.3268760243317732e-01
  -7.4214950219087261e-01
  -7.5165820918134818e-01
  -1.0461292555105082e+00
  -7.6121336956583718e-01
  -1.0035240054295158e+00
  -1.0354237054530928e+00
  -1.0141206840477264e+00
  -9.9296440775525729e-01
  -7.7081462777694698e-01
  -9.8244228396956790e-01
  -7.9015400684578441e-01
  -7.9989140804501979e-01
  -8.0967346778061644e-01
  -1.0247540492854770e+00
  -9.4073633749164509e-01
  -9.5110466438510199e-01
  -9.3040742800184850e-01
  -9.2011832027592355e-01
  -8.1949982204181215e-01
  -8.8949362898128170e-01
  -8.7936754207729873e-01
  -9.6151202285520732e-01
  -8.6928315623747932e-01
  -8.9966104013666770e-01
  -8.2937010516951326e-01
  -9.7195802562253153e-01
  -9.0986939719293969e-01
  -8.5924084672277623e-01
  -8.3928394986998378e-01
  -8.4924098722842745e-01
  -6.2292215024016817e-01
  -6.3179541077764534e-01
  -6.4071958505312288e-01
  -6.4969434097951317e-01
  -6.5871934458748560e-01
  -6.7691874963424703e-01
  -7.8046162653188955e-01
  -5.2876964705660312e-01
  -5.3706148927917308e-01
  -5.4540777048596512e-01
  -5.8794482064315623e-01
  -5.7933104336214203e-01
  -5.9661114343381549e-01
  -6.0532968924222053e-01
  -5.5380818009449850e-01
  -5.7077013212733829e-01
  -6.1410013363316729e-01
  -7.2327286200520158e-01
  -6.6779426003788589e-01
  -3.4003213771262125e-01
  -5.2053255237493623e-01
  -3.4686818671944303e-01
  -3.5376575219878426e-01
  -5.1235051175360480e-01
  -5.6226240550805617e-01
  -4.4123913158455186e-01
  -4.3362403387881437e-01
  -4.4891223402370256e-01
  -4.2606722428011551e-01
  -4.7227670369211222e-01
  -3.8916726355369002e-01
  -4.8017894831903069e-01
  -4.6443130882600464e-01
  -3.9642845829318263e-01
  -3.8196601125010821e-01
  -4.9615280851493321e-01
  -4.8813774864780762e-01
  -5.0422382966335977e-01
  -3.6072457747789693e-01
  -4.0374932526442436e-01
  -4.1856898399305170e-01
  -4.5664305566416863e-01
  -4.1112959204274391e-01
  -3.1989562186078635e-01
  -3.3325785956191628e-01
  -3.1330815954700808e-01
  -3.0678346254415123e-01
  -3.0032177364976054e-01
  -2.9392333331671766e-01
  -3.7482496935600923e-01
  -2.8131714836928484e-01
  -3.6774440360441024e-01
  -2.7510987285724903e-01
  -2.6288811067610474e-01
  -2.6896678409381974e-01
  -2.5687407880417701e-01
  -2.2778129078907830e-01
  -2.3922205833235818e-01
  -2.3346880641107695e-01
  -2.2215972311064419e-01
  -2.0033707866329556e-01
  -1.9504833920431075e-01
  -2.1111526588352056e-01
  -2.0569278732205093e-01
  -2.5092491227267510e-01
  -1.8982676575008720e-01
  -1.7456697193183229e-01
  -1.7958589157173482e-01
  -1.6961598045096235e-01
  -1.6473310136581343e-01
  -1.4134666236168780e-01
  -2.4504083246245248e-01
  -2.1660431256600157e-01
  -1.8467255260622953e-01
  -1.4588630486371346e-01
  -1.5991851637846383e-01
  -1.5049494279203060e-01
  -1.3687618421549672e-01
  -1.5517240464964085e-01
  -1.3247503678092798e-01
  -1.2814338383383037e-01
  -1.0753308720946267e-01
  -1.1151490180060264e-01
  -1.1556699084942269e-01
  -1.1968920356926135e-01
  -9.2311497512732488e-02
  -9.6010758789852532e-02
  -1.0362169524760251e-01
  -8.8683225291904366e-02
  -8.5126077142915341e-02
  -8.1640185434648557e-02
  -7.4882687552968147e-02
  -7.1611332840104763e-02
  -6.8411737479701848e-02
  -6.2228298395926036e-02
  -6.5284020535357853e-02
  -5.3494224484171113e-02
  -5.6333290687584081e-02
  -5.0727591808495683e-02
  -4.8033495612715332e-02
  -4.5412036149750375e-02
  -3.7984440120830618e-02
  -4.0387414915505009e-02
  -3.5654476005224138e-02
  -3.3397609271495265e-02
  -3.1213923902348787e-02
  -2.9103501157257940e-02
  -2.1395966127359899e-02
  -1.9652979875593064e-02
  -1.7983686454650545e-02
  -1.4866423832183931e-02
  -3.5787422025445430e-16
  -2.7066419569443174e-02
  -1.3418570630484324e-02
  -2.3212580349807825e-02
  -3.7212079537748989e-05
  -1.2044642254941569e-02
  -1.4884693341082674e-04
  -6.2855658201556386e-03
  -7.2891582462991829e-03
  -5.3561636541120880e-03
  -5.9536557823446426e-04
  -2.5102754942944654e-02
  -1.3394894715396078e-03
  -1.8231205036680377e-03
  -4.5009863331555780e-03
  -1.0744689832287799e-02
  -2.3811078527655617e-03
  -9.3023275329716187e-04
  -9.5187617364561397e-03
  -1.6388147982413198e-02
  -8.3669035867812141e-03
  -3.0134307549640671e-03
  -3.7200656802122809e-03
  -3.2654560435231278e-01
  -2.8758837964429196e-01
  -1.2388138656401397e-01
  -9.9780871466052939e-02
  -5.9244684771177919e-02
  -4.2863310969559004e-02
  -3.3490040745555889e-04
  -7.8225679884381560e-02
