  -3.9999999999999982e+00
  -3.9975138424378409e+00
  -3.9900615507308070e+00
  -3.9776616524502617e+00
  -3.9603449756970908e+00
  -3.9381545724581581e+00
  -3.9111456115722802e+00
  -3.8793852415718173e+00
  -3.8429524237408241e+00
  -3.8019377358048452e+00
  -3.7564431467404558e+00
  -3.7065817632643121e+00
  -3.6524775486319938e+00
  -3.5942650144458481e+00
  -3.5320888862379540e+00
  -3.4661037436596578e+00
  -3.3964736361721446e+00
  -3.3233716751937261e+00
  -3.2469796037174672e+00
  -3.1674873444695728e+00
  -3.0850925277315158e+00
  -3.0000000000000049e+00
  -2.9124213147063291e+00
  -2.8225742062612169e+00
  -2.7306820487327874e+00
  -2.6369733005033771e+00
  -2.5416809362860158e+00
  -2.4450418679126260e+00
  -2.3472963553338579e+00
  -2.2486874092949720e+00
  -2.1494601871728447e+00
  -2.0498613834761463e+00
  -1.9501386165238579e+00
  -1.8505398128271489e+00
  -1.7513125907050251e+00
  -1.6527036446661409e+00
  -1.5549581320873678e+00
  -1.4583190637139869e+00
  -1.3630266994966311e+00
  -1.2693179512672106e+00
  -1.1774257937387800e+00
  -1.0875786852936740e+00
  -1.0000000000000013e+00
  -9.1490747226848468e-01
  -8.3251265553042164e-01
  -7.5302039628253281e-01
   1.1054630716009323e-16
  -2.4861575621551793e-03
  -9.9384492691969566e-03
  -2.2338347549743065e-02
  -3.9655024302913157e-02
  -6.1845427541844564e-02
  -8.8854388427718992e-02
  -1.2061475842818428e-01
  -1.5704757625918550e-01
  -1.9806226419516290e-01
  -2.4355685325954349e-01
  -2.9341823673568856e-01
  -3.4752245136800991e-01
  -4.0573498555415466e-01
  -6.7662832480628132e-01
  -4.6791111376204353e-01
  -5.3389625634034654e-01
  -6.0352636382785385e-01
