  -3.9999357718686412e+00
  -3.9994219715691157e+00
  -3.9983945029696795e+00
  -3.9968536300356297e+00
  -3.9947997486301801e+00
  -3.9922333864127268e+00
  -3.9891552027032455e+00
  -3.9855659883130312e+00
  -3.9814666653413813e+00
  -3.9768582869388251e+00
  -3.9717420370364844e+00
  -3.9661192300418961e+00
  -3.9599913105014553e+00
  -3.8597888960990403e+00
  -3.9533598527291369e+00
  -3.9462265604021609e+00
  -3.9385932661232577e+00
  -3.9304619309498285e+00
  -3.9218346438901937e+00
  -3.8713409317856247e+00
  -3.9127136213668816e+00
  -3.8824122042672919e+00
  -3.9031012066471682e+00
  -3.8929998692411862e+00
  -3.8088343140533700e+00
  -3.8222785009142854e+00
  -3.8352545291208933e+00
  -3.8477590650225815e+00
  -3.7504468438175120e+00
  -3.7657279368051473e+00
  -3.7805553994534549e+00
  -3.7949254224627298e+00
  -3.7347160463316946e+00
  -3.7185395857217398e+00
  -3.7019216178562204e+00
  -3.6848664120307051e+00
  -3.6673783498708654e+00
  -3.6494619242067050e+00
  -3.6311217379185114e+00
  -3.6123625027542032e+00
  -3.5931890381188660e+00
  -3.5736062698366489e+00
  -3.4478032139718637e+00
  -3.4697325651900681e+00
  -3.4912843297663270e+00
  -3.5536192288851760e+00
  -3.5124529708712813e+00
  -3.5332330501031923e+00
  -3.4255019099462247e+00
  -3.4028343825055285e+00
  -3.3798064551279583e+00
  -3.3564240438815118e+00
  -3.3326931559039998e+00
  -3.3086198878599733e+00
  -3.2090279933971106e+00
  -3.2344080798223995e+00
  -3.2594710364427799e+00
  -3.2842104243741597e+00
  -3.1833372975243162e+00
  -3.1573425923596314e+00
  -3.1310505561610893e+00
  -3.0504583793152462e+00
  -3.0230453031549223e+00
  -3.0776015838939159e+00
  -2.9953693980624934e+00
  -2.9674377742104814e+00
  -2.7653668647301837e+00
  -2.7948841508932714e+00
  -2.9392576074676442e+00
  -2.8241972246408471e+00
  -2.9108361375555982e+00
  -2.8532985551980512e+00
  -2.7356529493903667e+00
  -2.7057500386282465e+00
  -3.1044679435737024e+00
  -2.6756658147527999e+00
  -2.4606540736661024e+00
  -2.4917887234794720e+00
  -2.5227970286386858e+00
  -2.5536710228496964e+00
  -2.5844027743240159e+00
  -2.6149843878165542e+00
  -2.3033666319180051e+00
  -2.3350124466094746e+00
  -2.4294010779516384e+00
  -2.2079941815497950e+00
  -2.2398493403252848e+00
  -2.2716428797904706e+00
  -2.3665721937892510e+00
  -2.1760855873218907e+00
  -2.0801212237835296e+00
  -2.0480809692772257e+00
  -2.0160283623660566e+00
  -1.9839716376339398e+00
  -2.1121408944743734e+00
  -1.9519190307227703e+00
  -1.9198787762164873e+00
  -1.8878591055256269e+00
  -1.8239144126781051e+00
  -1.7920058184502090e+00
  -1.7601506596747232e+00
  -1.7283571202095358e+00
  -1.6649875533905230e+00
  -1.6966333680819978e+00
  -2.1441317552274599e+00
  -2.8821806661886376e+00
  -1.6334278062107481e+00
  -1.8558682447725534e+00
  -2.3980377654932172e+00
  -1.5393459263339084e+00
  -1.5082112765205311e+00
  -1.4772029713613113e+00
  -1.4463289771503065e+00
  -1.4155972256759843e+00
  -1.3850156121834514e+00
  -1.6019622345068019e+00
  -1.5705989220483794e+00
  -1.3243341852471771e+00
  -1.2942499613717489e+00
  -1.2643470506096393e+00
  -1.2346331352698199e+00
  -1.2051158491067351e+00
  -1.1758027753591509e+00
  -1.1467014448019430e+00
  -9.7695469684507530e-01
  -1.0046306019375011e+00
  -1.0325622257895206e+00
  -1.0607423925323507e+00
  -1.0891638624444266e+00
  -9.4954162068475834e-01
  -1.1178193338113953e+00
  -9.2239841610607887e-01
  -8.6894944383891737e-01
  -8.4265740764038732e-01
  -8.1666270247567097e-01
  -7.9097200660288880e-01
  -7.6559192017761313e-01
  -7.4052896355723596e-01
  -6.6730684409599528e-01
  -6.4357595611851115e-01
  -6.2019354487205003e-01
  -4.2639373016335597e-01
  -4.0681096188112265e-01
  -3.8763749724578689e-01
  -4.4638077111482272e-01
  -2.8146041427825952e-01
  -2.6528395366829682e-01
  -6.4228131347530341e-05
  -5.7802843087555319e-04
  -1.6054970303213667e-03
  -1.8533334658607393e-02
  -1.4434011686962475e-02
  -1.0844797296744054e-02
  -7.7666135872769444e-03
  -2.3141713061169664e-02
  -8.9553205642630851e-01
  -6.9138011214004091e-01
  -5.3026743480993310e-01
  -3.6887826208148106e-01
  -2.9807838214376303e-01
  -2.4955315618249294e-01
  -2.8257962963528886e-02
  -2.3427206319485888e-01
  -7.1578957562585765e-01
  -5.0871567023366493e-01
  -3.5053807579328905e-01
  -5.3773439597835558e-02
  -7.8165356109801409e-02
  -6.9538069050168932e-02
  -6.1406733876744106e-02
  -1.6474547087912389e-01
  -1.2865906821439313e-01
  -5.7449809005377117e-01
  -1.4021110390096464e-01
  -1.7772149908574117e-01
  -1.5224093497742611e-01
  -3.1513358796926971e-01
  -5.5219678602814182e-01
  -3.3880769958105933e-02
  -4.6640147270866170e-02
  -8.7286378633123482e-02
  -9.6898793352833426e-02
  -1.1758779573271819e-01
  -3.1463699643664552e-03
  -5.9716561749448493e-01
  -4.8754702912872105e-01
  -2.1944460054654655e-01
  -1.9116568594663416e-01
  -4.6676694989679784e-01
  -5.2002513698147217e-03
  -3.3262165012913408e-01
  -4.0008689498553608e-02
  -2.0507457753726532e-01
  -1.0700013075884215e-01
  -2.6454080066538967e+00
  -1.3545919933460950e+00
