  -3.9090669024367686e+00
  -3.9185663403147855e+00
  -3.9275521315908772e+00
  -3.9360218705514587e+00
  -3.9999330678348093e+00
  -3.9993976373924101e+00
  -3.9983269198552982e+00
  -3.9967212018804417e+00
  -3.9945809133573826e+00
  -3.9919066272930892e+00
  -3.9886990596586300e+00
  -3.9849590691974077e+00
  -3.9439732896425612e+00
  -3.9806876571953342e+00
  -3.9758859672126379e+00
  -3.9514042600770480e+00
  -3.9583127924044730e+00
  -3.9646970370436394e+00
  -3.9705552847778884e+00
  -3.8284195114070698e+00
  -3.8414356545964976e+00
  -3.8539588009336705e+00
  -3.8659855976694741e+00
  -3.8775128249396311e+00
  -3.8990563611860467e+00
  -3.8885373966266412e+00
  -3.8149138561016445e+00
  -3.8009223044707365e+00
  -3.7864486023910242e+00
  -3.7714966248225790e+00
  -3.7560703747713458e+00
  -3.7401739822174433e+00
  -3.5966143041980652e+00
  -3.7238117030095679e+00
  -3.6161083008861454e+00
  -3.6351696263031821e+00
  -3.7069879177255065e+00
  -3.6537931772714050e+00
  -3.6897071304994116e+00
  -3.6719739678158896e+00
  -3.5766928552532291e+00
  -3.5563492875051907e+00
  -3.4484941659029262e+00
  -3.4708644221230345e+00
  -3.5355890474190210e+00
  -3.5144176930129700e+00
  -3.4928408923705492e+00
  -3.4257361127687571e+00
  -3.4025963556016432e+00
  -3.3790810894741314e+00
  -3.3551966099915895e+00
  -3.3309493116066817e+00
  -3.3063456859075435e+00
  -3.2813923198797141e+00
  -3.2560958941426570e+00
  -3.2304631811612601e+00
  -3.2045010434325518e+00
  -3.1782164316486519e+00
  -3.1516163828356984e+00
  -2.9857963844595767e+00
  -3.0141366833752343e+00
  -3.0422054733780488e+00
  -3.1247080184699425e+00
  -3.0699952397741894e+00
  -2.9571921640143612e+00
  -2.9283316800811274e+00
  -3.0974985425712540e+00
  -2.7197900730699884e+00
  -2.7502244760340737e+00
  -2.7804580257648550e+00
  -2.8104826280099835e+00
  -2.8992226593092214e+00
  -2.8402902444573916e+00
  -2.6891629648981699e+00
  -2.6583513511361017e+00
  -2.5962076500854945e+00
  -2.5648922001684298e+00
  -2.5334255149497937e+00
  -2.5018160188221144e+00
  -2.4700721744118592e+00
  -2.4382024803137599e+00
  -2.2772659456804503e+00
  -2.3096363101642821e+00
  -2.3419237775206136e+00
  -2.4062154688155402e+00
  -2.2448213503984307e+00
  -2.2123112105209093e+00
  -2.1797442297984611e+00
  -2.6273634807977517e+00
  -2.3741197036136517e+00
  -1.9836377207921199e+00
  -2.0163622792078764e+00
  -2.0490824570458219e+00
  -2.0817894943231718e+00
  -2.1471291271993529e+00
  -2.1144746345751355e+00
  -2.8698728948874508e+00
  -1.9509175429541807e+00
  -1.9182105056768368e+00
  -1.7227340543195500e+00
  -1.7551786496015669e+00
  -1.7876887894790836e+00
  -1.8202557702015314e+00
  -1.8528708728006622e+00
  -1.8855253654248676e+00
  -1.6903636898357215e+00
  -1.6580762224793981e+00
  -1.2195419742351441e+00
  -1.2497755239659272e+00
  -1.2802099269300284e+00
  -1.3108370351018432e+00
  -1.5617975196862532e+00
  -1.4981839811778763e+00
  -1.5299278255881490e+00
  -1.4351077998315678e+00
  -1.4665744850501967e+00
  -1.5937845311844669e+00
  -1.6258802963863530e+00
  -1.4037923499145166e+00
  -1.3416486488639241e+00
  -1.1895173719900169e+00
  -1.1597097555426008e+00
  -1.0716683199188901e+00
  -1.0428078359856376e+00
  -9.8586331662476978e-01
  -9.5779452662195275e-01
  -1.0142036155404284e+00
  -1.1007773406907906e+00
  -1.3726365192022132e+00
  -9.3000476022580336e-01
  -8.4838361716431343e-01
  -8.7529198153005794e-01
  -1.1301271051125652e+00
  -8.2178356835134658e-01
  -7.9549895656743863e-01
  -7.6953681883875191e-01
  -9.0250145742877341e-01
  -7.4390410585733335e-01
  -6.4480339000842368e-01
  -6.6905068839331472e-01
  -6.9365431409244860e-01
  -6.2091891052586878e-01
  -7.1860768012028375e-01
  -4.0338569580194034e-01
  -4.2330714474678793e-01
  -4.4365071249480453e-01
  -5.0715910762945660e-01
  -5.2913557787696708e-01
  -5.5150583409706644e-01
  -5.7426388723123989e-01
  -5.9740364439834981e-01
  -4.8558230698703336e-01
  -3.8389169911385645e-01
  -3.6483037369683124e-01
  -2.4392962522867487e-01
  -2.5982601778257725e-01
  -2.7618829699045194e-01
  -2.9301208227449893e-01
  -3.1029286950058610e-01
  -3.4620682272860781e-01
  -2.2850337517741925e-01
  -1.3401440233052209e-01
  -1.4604119906633278e-01
  -1.5040930802580444e-02
  -6.6932165198258463e-05
  -6.0236260759235442e-04
  -1.6730801447020999e-03
  -1.2248717506037352e-01
  -8.1433659685213086e-02
  -1.1300940341364871e-02
  -1.9312342804671704e-02
  -2.4114032787355653e-02
  -4.6441095258097642e-01
  -1.7158048859293798e-01
  -9.0933097563223916e-02
  -6.3978129448554980e-02
  -8.0933727069048399e-03
  -1.5856434540350609e-01
  -7.2447868409121097e-02
  -5.6026710357440744e-02
  -2.9444715222117415e-02
  -2.1355139760896999e-01
  -1.8508614389836323e-01
  -1.1146260337336643e-01
  -4.8595739922943575e-02
  -4.1687207595532988e-02
  -5.4190866426196971e-03
  -3.2787981195555212e-03
  -3.2802603218411014e-01
  -3.5302962956368637e-02
  -1.0094363881392636e-01
  -1.9907769552927268e-01
