  -3.9999623505651942e+00
  -3.9996611635916430e+00
  -3.9990588350021823e+00
  -3.9981554555052985e+00
  -3.9969511611466020e+00
  -3.9954461332883850e+00
  -3.9936405985823367e+00
  -3.9915348289353174e+00
  -3.9891291414685091e+00
  -3.9864238984695777e+00
  -3.9834195073381982e+00
  -3.9801164205245900e+00
  -3.9765151354614985e+00
  -3.9726161944891922e+00
  -3.9684201847738589e+00
  -3.9639277382191129e+00
  -3.9591395313708837e+00
  -3.9102823366115369e+00
  -3.9540562853155281e+00
  -3.9486787655711426e+00
  -3.9174069497917468e+00
  -3.9242428085380836e+00
  -3.9430077819725158e+00
  -3.9370441885488305e+00
  -3.9307888833953588e+00
  -3.8333581198421052e+00
  -3.8430280786840725e+00
  -3.9028700419380207e+00
  -3.8951711820354791e+00
  -3.8871869163239117e+00
  -3.8524204842766299e+00
  -3.8615339221579856e+00
  -3.8703670198779005e+00
  -3.8789184472043767e+00
  -3.7580244528572817e+00
  -3.7695941968618683e+00
  -3.7808974464895120e+00
  -3.8234120640108777e+00
  -3.7919324995123702e+00
  -3.8026976940920445e+00
  -3.8131914090298293e+00
  -3.7461899568365693e+00
  -3.7340924910313960e+00
  -3.6831099548737969e+00
  -3.6962406896065927e+00
  -3.7217338772755442e+00
  -3.7091159767308062e+00
  -3.5224047709685324e+00
  -3.5382066752911498e+00
  -3.6697257499727653e+00
  -3.5537769313464738e+00
  -3.6560900905155180e+00
  -3.5691131943111372e+00
  -3.5842131546004157e+00
  -3.6422050299821969e+00
  -3.5990745382157878e+00
  -3.6280726594118908e+00
  -3.6136951070876009e+00
  -3.4901155708829434e+00
  -3.5063735980872317e+00
  -3.4569287808964462e+00
  -3.4736331377547462e+00
  -3.4228643914904584e+00
  -3.4400050159227802e+00
  -3.4055094889144528e+00
  -3.3879429217793118e+00
  -3.3701673355454149e+00
  -3.3339998446072778e+00
  -3.3156133865941619e+00
  -3.2970288020442329e+00
  -3.2782488897275668e+00
  -3.2592764778298600e+00
  -3.2401144235265877e+00
  -3.2012329587677417e+00
  -3.2207656125526083e+00
  -3.3521854071506261e+00
  -3.1815194037177483e+00
  -3.1616279161915246e+00
  -3.1415614917739449e+00
  -3.1213231523946630e+00
  -2.9101671742526944e+00
  -3.1009159458732198e+00
  -2.9319529915359310e+00
  -3.0803429454597837e+00
  -2.9535984601266505e+00
  -3.0596072493725956e+00
  -2.9751003202968751e+00
  -2.9964553339455651e+00
  -3.0387119803311724e+00
  -3.0176602850862109e+00
  -2.8882442891408409e+00
  -2.7312259956095453e+00
  -2.7540148204328241e+00
  -2.7766900933976464e+00
  -2.8216863421158154e+00
  -2.7992483996913018e+00
  -2.8661876377062971e+00
  -2.8440005415995726e+00
  -2.7083270508409889e+00
  -2.5215882358305475e+00
  -2.5452427108998958e+00
  -2.5688150744225355e+00
  -2.5923017764872514e+00
  -2.6156992800830663e+00
  -2.6390040616320425e+00
  -2.6853214346240035e+00
  -2.6622126115197569e+00
  -2.4978552114914296e+00
  -2.4740472119887236e+00
  -2.4501678227195827e+00
  -2.4262206398321871e+00
  -2.4022092696841950e+00
  -2.3781373282996072e+00
  -2.3540084408242885e+00
  -2.3298262409799335e+00
  -2.1838179129942725e+00
  -2.2082432677441139e+00
  -2.2326372618238173e+00
  -2.2569962215875945e+00
  -2.2813164786656941e+00
  -2.3055943705169044e+00
  -2.1593648759428614e+00
  -2.1348878391273196e+00
  -1.9631865401884001e+00
  -1.9877282307016979e+00
  -2.0122717692983083e+00
  -2.0368134598116150e+00
  -2.0613496063532706e+00
  -2.1103904886993718e+00
  -2.0858765138698776e+00
  -1.9386503936467376e+00
  -1.5737793601678178e+00
  -1.5977907303158112e+00
  -1.6218626717003934e+00
  -1.6459915591757019e+00
  -1.8406351240571452e+00
  -1.8161820870057321e+00
  -1.7917567322558832e+00
  -1.7673627381761832e+00
  -1.7430037784124215e+00
  -1.6701737590200556e+00
  -1.7186835213343035e+00
  -1.8651121608726726e+00
  -1.9141234861301242e+00
  -1.8896095113006142e+00
  -1.5498321772804211e+00
  -1.5259527880112604e+00
  -1.2459851795671595e+00
  -1.5021447885085613e+00
  -1.4784117641694536e+00
  -1.4547572891000953e+00
  -1.4311849255774547e+00
  -1.4076982235127520e+00
  -1.2687740043904465e+00
  -1.3843007199169333e+00
  -1.2916729491590135e+00
  -1.3609959383679693e+00
  -1.3146785653760120e+00
  -1.6944056294831140e+00
  -1.2007516003087051e+00
  -1.2233099066023494e+00
  -1.3377873884802454e+00
  -1.1783136578841977e+00
  -1.1117557108591465e+00
  -1.0898328257473104e+00
  -1.0680470084640643e+00
  -1.0464015398733577e+00
  -1.0248996797031307e+00
  -1.0035446660544383e+00
  -8.9908405412679249e-01
  -9.1965705454021140e-01
  -9.4039275062740868e-01
  -9.6128801966881827e-01
  -1.1338123622936931e+00
  -1.1559994584003943e+00
  -9.8233971491378991e-01
  -8.7867684760533138e-01
  -8.3837208380847361e-01
  -8.1848059628225300e-01
  -7.9876704123226050e-01
  -5.7713560850956669e-01
  -7.5988557647342370e-01
  -7.4072352217014725e-01
  -7.2175111027244776e-01
  -5.9449051108554951e-01
  -7.0297119795577412e-01
  -6.1205707822069300e-01
  -6.2983266445459674e-01
  -6.8438661340583851e-01
  -6.6600015539272839e-01
  -7.7923438744737561e-01
  -8.5843850822606826e-01
  -5.5999498407723425e-01
  -5.4307121910355050e-01
  -6.4781459284936549e-01
  -5.2636686224526263e-01
  -4.9362640191277751e-01
  -4.7759522903147572e-01
  -4.6179332470883944e-01
  -4.4622306865353434e-01
  -5.0988442911706888e-01
  -4.3088680568885257e-01
  -4.1578684539957811e-01
  -4.0092546178419114e-01
  -3.7192734058810256e-01
  -3.5779497001779059e-01
  -3.4390990948449029e-01
  -3.3027425002724181e-01
  -3.1689004512620356e-01
  -3.0375931039340703e-01
  -3.8630489291240466e-01
  -2.6590750896861476e-01
  -2.5381004316342071e-01
  -2.4197554714273453e-01
  -2.3040580313812645e-01
  -2.1910255351048546e-01
  -3.7649434798194673e-05
  -3.3883640835350863e-04
  -2.7826612272446744e-01
  -2.0806750048762887e-01
  -1.7658793598914183e-01
  -1.6664188015791720e-01
  -1.8680859097016997e-01
  -1.5697192131591686e-01
  -1.4757951572337885e-01
  -1.3846607784203191e-01
  -9.4116499781390028e-04
  -4.5538667116171412e-03
  -8.4651710646804733e-03
  -1.0870858531489320e-02
  -1.3576101530411295e-02
  -6.3594014176686590e-03
  -9.7129958061985031e-02
  -8.9717663388458047e-02
  -8.2593050208257635e-02
  -7.5757191461916673e-02
  -6.9211116604621717e-02
  -3.0488388534100708e-03
  -6.2955811451165786e-02
  -2.7383805510803182e-02
  -3.1579815226143115e-02
  -5.1321234428848984e-02
  -4.5943714684491467e-02
  -4.0860468629119524e-02
  -3.6072261780889868e-02
  -2.3484864538501460e-02
  -2.9088402326919971e-01
  -1.8445444947094165e-03
  -1.6580492661801921e-02
  -1.1281308367607995e-01
  -1.0482881796451864e-01
  -1.2108155279562158e-01
  -1.2963298012210531e-01
  -5.6992218027496114e-02
  -1.9883579475405679e-02
  -1.9730230590795636e-01
