  -3.9980964431637180e+00
  -3.9828897227476214e+00
  -3.9525920142398743e+00
  -3.9074339014964501e+00
  -3.8477590650225713e+00
  -3.7740216663564405e+00
  -3.6867828916257661e+00
  -3.5867066805824708e+00
  -3.4745546736202426e+00
  -3.3511804152313083e+00
  -3.2175228580174444e+00
  -3.0745992166936489e+00
  -2.9234972264700643e+00
  -2.7653668647301788e+00
  -2.6014115990085473e+00
  -2.4328792278762048e+00
  -2.2610523844401071e+00
  -2.0872387747306758e+00
  -1.9127612252693298e+00
  -1.7389476155598997e+00
  -1.5671207721237945e+00
  -1.3985884009914555e+00
  -1.2346331352698228e+00
  -1.0765027735299308e+00
  -9.2540078330635389e-01
  -7.8247714198255947e-01
  -1.9035568362839738e-03
  -1.7110277252379166e-02
  -4.7407985760132873e-02
  -9.2566098503545788e-02
  -1.5224093497742594e-01
  -2.2597833364355677e-01
  -3.1321710837422867e-01
  -4.1329331941753006e-01
  -6.4881958476868029e-01
  -5.2544532637975183e-01
