  -3.9420341461525878e+00
  -3.9458799044111199e+00
  -3.9495954207144428e+00
  -3.9531804463749998e+00
  -3.9566347414392773e+00
  -3.9599580747037741e+00
  -3.9999832668887030e+00
  -3.9998494036782857e+00
  -3.9995816862172324e+00
  -3.9991801324244074e+00
  -3.9986447691767082e+00
  -3.9979756323071318e+00
  -3.9971727666024903e+00
  -3.9962362258003044e+00
  -3.9951660725852736e+00
  -3.9939623785850729e+00
  -3.9926252243655491e+00
  -3.9911546994253424e+00
  -3.9895509021898521e+00
  -3.9878139400047163e+00
  -3.9859439291285503e+00
  -3.9839409947252564e+00
  -3.9818052708555483e+00
  -3.9795369004680805e+00
  -3.9631502237306560e+00
  -3.9771360353897580e+00
  -3.9746028363157100e+00
  -3.9719374727984293e+00
  -3.9662109748624426e+00
  -3.9691401232364543e+00
  -3.8570121609464652e+00
  -3.8630256096261930e+00
  -3.8689143619680868e+00
  -3.9339529420897161e+00
  -3.9380584033437498e+00
  -3.9297180371778491e+00
  -3.8746780238251444e+00
  -3.9253539720595505e+00
  -3.8803162094230257e+00
  -3.9208610388311200e+00
  -3.9162395382143420e+00
  -3.9114897795362191e+00
  -3.8858285413857647e+00
  -3.9066120807084039e+00
  -3.8912146507610372e+00
  -3.9016067682058257e+00
  -3.8964741770449027e+00
  -3.8508744184219315e+00
  -3.8446127928651164e+00
  -3.8382277033801366e+00
  -3.8317195773348147e+00
  -3.8250888503321558e+00
  -3.8183359661810559e+00
  -3.8114613768666912e+00
  -3.8044655425202012e+00
  -3.7599711766308124e+00
  -3.7676843661892709e+00
  -3.7752792408057059e+00
  -3.7973489313879254e+00
  -3.7827552921387402e+00
  -3.6209143965051771e+00
  -3.6304451389531955e+00
  -3.6398667521778338e+00
  -3.6491786055700812e+00
  -3.6583800758674241e+00
  -3.7521401883907997e+00
  -3.7441919256142784e+00
  -3.6674705471956104e+00
  -3.6764494111096648e+00
  -3.6853160666348059e+00
  -3.7361269202956393e+00
  -3.6940699203065592e+00
  -3.7027103862105464e+00
  -3.7112368860216858e+00
  -3.7279457122431738e+00
  -3.7901120198000569e+00
  -3.5817130014076839e+00
  -3.5916738092177822e+00
  -3.6015280828534908e+00
  -3.6112751627470225e+00
  -3.5716463261217117e+00
  -3.5614744571441999e+00
  -3.5511980753003614e+00
  -3.5408178684106901e+00
  -3.5303345312449275e+00
  -3.5197487654754958e+00
  -3.5090612796306435e+00
  -3.4982727890469256e+00
  -3.4873840158213683e+00
  -3.4763956887631808e+00
  -3.7196488490428470e+00
  -3.4541233216529958e+00
  -3.4428407723387715e+00
  -3.4314616505676465e+00
  -3.4199867179688499e+00
  -3.4084167425844276e+00
  -3.3967524988179427e+00
  -2.9643675441582547e+00
  -2.9786697740412533e+00
  -3.3849947673824792e+00
  -3.3125296394061166e+00
  -3.3001398731812541e+00
  -3.3248315551803587e+00
  -3.3370447971100536e+00
  -3.2876630857795917e+00
  -3.2751001122995742e+00
  -3.0491793653569332e+00
  -3.0630743648082950e+00
  -3.0768982103906377e+00
  -3.0906499768440927e+00
  -3.1848174331577459e+00
  -3.1715957149128715e+00
  -3.2624517936081716e+00
  -3.4653085433448485e+00
  -2.8029965068469727e+00
  -3.3731443352484476e+00
  -2.8179551872769912e+00
  -3.3491685477365492e+00
  -2.8328591201952888e+00
  -2.8477073080493560e+00
  -2.8624987570178679e+00
  -2.8772324770770457e+00
  -2.9210774219164972e+00
  -2.9355704043683875e+00
  -2.9500007670674635e+00
  -2.9929064994372458e+00
  -2.9065227897584243e+00
  -3.0070767674514145e+00
  -3.0352141420589613e+00
  -3.2497189762847549e+00
  -3.2240032602807420e+00
  -3.1979598490064438e+00
  -3.2110220828086473e+00
  -3.1043287437330842e+00
  -3.1582955792300544e+00
  -3.1179335955082412e+00
  -3.1449179163162095e+00
  -2.6814770374568520e+00
  -2.6968373604988702e+00
  -2.7121510427075437e+00
  -2.7274170591049960e+00
  -2.7879840801221110e+00
  -2.5413059045258093e+00
  -2.5570393787701091e+00
  -2.5727355691626936e+00
  -2.5883934251235319e+00
  -2.6040118986384670e+00
  -2.6660711016811995e+00
  -2.6506205843245190e+00
  -2.7426343879036819e+00
  -2.7729189119166224e+00
  -2.6195899443291983e+00
  -2.5255361995052850e+00
  -2.5097313192090542e+00
  -2.4142227523844486e+00
  -2.4302163919452209e+00
  -2.4461812361913737e+00
  -2.4621162165613386e+00
  -2.4780202664923676e+00
  -3.2369025125644448e+00
  -3.1314636215672538e+00
  -2.1226414726044216e+00
  -2.1389688555204760e+00
  -2.1552869369501320e+00
  -2.1715946246888884e+00
  -2.3982013879979611e+00
  -2.1878908272278568e+00
  -2.3821533711304190e+00
  -2.2366996205266250e+00
  -2.2529389836473572e+00
  -2.2691614170142635e+00
  -2.2853658348247192e+00
  -2.3015511524819932e+00
  -2.3177162866677468e+00
  -2.3338601554144609e+00
  -2.3660797759102912e+00
  -2.1063058810290509e+00
  -1.9754569234285604e+00
  -1.9918187919475390e+00
  -2.0081812080524664e+00
  -2.0245430765714452e+00
  -2.0409033023691627e+00
  -2.0899631741709155e+00
  -2.0572607904202798e+00
  -2.2041744538269521e+00
  -3.3612019955909469e+00
  -1.8284053753111098e+00
  -1.8447130630498789e+00
  -1.8610311444795242e+00
  -1.8773585273955873e+00
  -1.8936941189709511e+00
  -1.9590966976308539e+00
  -1.9427392095797118e+00
  -1.9100368258290852e+00
  -2.7578020105748466e+00
  -2.2204444145877504e+00
  -1.5538187638086289e+00
  -1.8121091727721561e+00
  -1.5697836080547829e+00
  -1.5857772476155692e+00
  -1.6017986120020395e+00
  -1.6178466288695950e+00
  -1.7470610163526465e+00
  -1.7308385829857540e+00
  -1.7146341651752770e+00
  -1.6822837133322832e+00
  -1.6661398445855351e+00
  -1.6984488475179993e+00
  -1.7633003794733926e+00
  -1.7958255461730541e+00
  -1.7795555854122551e+00
  -1.5378837834386758e+00
  -1.5219797335076515e+00
  -1.6339202240897273e+00
  -2.8919074820672139e+00
  -2.6351265195234292e+00
  -2.3499816781781462e+00
  -1.4902686807909720e+00
  -1.4744638004947284e+00
  -1.4586940954741965e+00
  -1.4272644308373119e+00
  -1.4429606212298955e+00
  -1.4116065748764499e+00
  -1.3959881013615409e+00
  -1.2573656120963219e+00
  -1.2725829408950040e+00
  -1.2878489572924494e+00
  -1.3031626395011346e+00
  -1.3185229625431427e+00
  -1.3339288983188018e+00
  -1.3804100556708165e+00
  -1.3493794156754706e+00
  -1.1375012429821532e+00
  -1.1522926919506495e+00
  -1.2120159198779010e+00
  -1.1970034931530344e+00
  -1.1671408798047249e+00
  -1.1820448127230259e+00
  -1.6500183218218822e+00
  -1.2270810880834011e+00
  -1.1227675229229463e+00
  -1.0789225780835188e+00
  -1.0644295956315966e+00
  -1.0499992329325385e+00
  -1.0356324558417569e+00
  -1.0213302259587536e+00
  -1.0070935005627333e+00
  -9.9292323254856907e-01
  -1.0934772102416046e+00
  -9.6478585794103811e-01
  -9.5082063464306354e-01
  -9.2310178960934719e-01
  -9.0935002315590652e-01
  -8.9567125626689659e-01
  -8.8206640449178741e-01
  -9.3692563519172256e-01
  -8.4170442076993046e-01
  -8.2840428508712138e-01
  -8.1518256684225199e-01
  -8.0204015099354298e-01
  -7.8897791719135002e-01
  -7.7599673971925909e-01
  -1.6733111300091353e-05
  -1.5059632171269386e-04
  -4.1831378278159076e-04
  -8.1986757559977331e-04
  -2.0243676928656559e-03
  -2.8272333975139633e-03
  -3.7637741997036747e-03
  -4.8339274147309857e-03
  -6.0376214149265583e-03
  -7.3754820639183738e-01
  -7.2489988770044622e-01
  -7.1233691422041912e-01
  -6.9986012681876264e-01
  -6.8747036059388578e-01
  -7.9138961168868524e-02
  -7.4646027940446960e-02
  -7.3747756344445378e-03
  -7.0281962822145660e-02
  -6.6047057910295373e-02
  -8.8453005746560696e-03
  -5.7965853847419133e-02
  -5.4120095588880403e-02
  -5.0404579285557548e-02
  -4.6819553625002779e-02
  -1.6059005274742962e-02
  -1.8194729144439863e-02
  -2.0463099531915798e-02
  -2.2863964610230790e-02
  -4.3365258560744704e-02
  -4.0041925296233676e-02
  -3.6849776269358439e-02
  -6.7516844481966187e-01
  -6.6295520288994270e-01
  -4.8025123452450896e-01
  -4.6966546875508486e-01
  -1.1417145861422565e-01
  -9.3387919291613303e-02
  -8.8510220463790035e-02
  -8.3760461785663237e-02
  -2.5397163684283162e-02
  -1.4056070871446433e-02
  -5.6853834943236259e-01
  -4.9093872036936598e-01
  -4.5918213158930965e-01
  -1.1968379057696175e-01
  -1.0878534923895823e-01
  -5.0172721095307760e-01
  -4.0832619078223320e-01
  -3.9847191714649538e-01
  -3.8872483725296630e-01
  -4.4880192469964592e-01
  -4.1828699859230989e-01
  -3.7908560349481096e-01
  -2.4785981160918921e-01
  -2.5580807438571973e-01
  -2.9728961378947022e-01
  -3.1468393336519740e-01
  -3.2355058889032268e-01
  -3.3252945280438068e-01
  -2.6387307970435281e-01
  -5.1261598417863130e-01
  -2.8062527201577352e-02
  -3.3789025137567680e-02
  -3.6955486104681368e-01
  -2.8876311397833998e-01
  -3.0593007969345132e-01
  -3.4161992413256387e-01
  -1.3108563803192097e-01
  -1.2532197617484878e-01
  -2.4002882336919326e-01
  -2.3231563381073553e-01
  -1.7491114966786289e-01
  -1.8166403381895430e-01
  -1.6828042266520052e-01
  -1.3697439037381012e-01
  -1.6177229661988571e-01
  -2.7205428775682583e-01
  -1.8853862313332273e-01
  -1.9553445747981546e-01
  -6.1500523261752860e-01
  -5.5715922766122350e-01
  -9.8393231794191613e-02
  -1.0449097810145972e-02
  -1.2186059995288229e-02
  -1.4298783905356757e-01
  -8.5508208368380834e-01
  -7.5028102371523553e-01
  -6.5083145226345884e-01
  -6.2685566475157095e-01
  -6.0324750118205850e-01
  -5.8001328203117863e-01
  -3.6013324782220496e-01
  -4.3852554285581236e-01
  -2.2472075919429230e-01
  -2.0265106861209453e-01
  -5.4587667834700504e-01
  -5.9158325741557338e-01
  -5.2360431123683182e-01
  -1.5538720713488255e-01
  -1.2421979894251858e+00
  -8.6853637843278042e-01
  -7.6309748743558647e-01
  -4.2835367387829620e-01
  -3.5082139442994903e-01
  -2.1724470786126890e-01
  -1.3648734804765736e+00
  -1.1080925179328092e+00
  -6.3879800440909607e-01
  -5.3469145665517470e-01
  -1.0352582295511650e-01
  -1.4912558157805686e-01
  -3.0859876763558256e-02
  -2.0988798019996269e-01
  -3.0211796296370372e+00
  -2.4938923214919355e+00
  -1.9263855541172907e+00
  -2.0736144458827166e+00
  -1.5061076785080820e+00
  -9.7882037036295744e-01
  -1.3552308233013726e-03
  -2.8035115095716140e-01
  -6.1941596656249917e-02
