  -3.7869615728569945e+00
  -3.7923969998392448e+00
  -3.7977659862730100e+00
  -3.8030683331408368e+00
  -3.8083038438953372e+00
  -3.8134723244666873e+00
  -3.8185735832696852e+00
  -3.8236074312110131e+00
  -3.8285736816959721e+00
  -3.8334721506356870e+00
  -3.8383026564538434e+00
  -3.8430650200931988e+00
  -3.8477590650225775e+00
  -3.8523846172432155e+00
  -3.8569415052951324e+00
  -3.8614295602637245e+00
  -3.8658486157858030e+00
  -3.8701985080558448e+00
  -3.8744790758321899e+00
  -3.8786901604427277e+00
  -3.9999907329818125e+00
  -3.9999165973515658e+00
  -3.9997683288391443e+00
  -3.9995459329405327e+00
  -3.9992494178995419e+00
  -3.9988787947073510e+00
  -3.9984340771022366e+00
  -3.9979152815689769e+00
  -3.8828316057910386e+00
  -3.9973224273382670e+00
  -3.9966555363860454e+00
  -3.9959146334326081e+00
  -3.9950997459417343e+00
  -3.8869032583621248e+00
  -3.9942109041196692e+00
  -3.9932481409139413e+00
  -3.9922114920123226e+00
  -3.9911009958412453e+00
  -3.8909049672279772e+00
  -3.9899166935645729e+00
  -3.9886586290820252e+00
  -3.9873268490275122e+00
  -3.8948365840532961e+00
  -3.9859214027674743e+00
  -3.9024889612375433e+00
  -3.9844423423989008e+00
  -3.9062094379382231e+00
  -3.9828897227476183e+00
  -3.8986979631009868e+00
  -3.9812636013661442e+00
  -3.9795640385314552e+00
  -3.9098592552924529e+00
  -3.9777910972429931e+00
  -3.9134382780088997e+00
  -3.9740253448996929e+00
  -3.9759448432200890e+00
  -3.9720326734336844e+00
  -3.9169463734203713e+00
  -3.9678281092318590e+00
  -3.9656163723507749e+00
  -3.9270438086190032e+00
  -3.9237492648101777e+00
  -3.9302669207932674e+00
  -3.9633317740278193e+00
  -3.9609743989484123e+00
  -3.9334184818586162e+00
  -3.9424427034682457e+00
  -3.9203834114888112e+00
  -3.9585443344956777e+00
  -3.9395064860311586e+00
  -3.9508189191259664e+00
  -3.9453069184647402e+00
  -3.9534665004719312e+00
  -3.9560416707472958e+00
  -3.9480990248498915e+00
  -3.9364983749930547e+00
  -3.9699669026864224e+00
  -3.6510062738022691e+00
  -3.6578481398658176e+00
  -3.6646285528362674e+00
  -3.6713472613773690e+00
  -3.7814599068065844e+00
  -3.7758922056237423e+00
  -3.6845985712720171e+00
  -3.7702586756919443e+00
  -3.6911306814261620e+00
  -3.7645595258347564e+00
  -3.7040066014962627e+00
  -3.7103499341277555e+00
  -3.7587949673082375e+00
  -3.7228461689195780e+00
  -3.7289986078695589e+00
  -3.6780040164401302e+00
  -3.7470704813861531e+00
  -3.7529652137929710e+00
  -3.7411109885936433e+00
  -3.6976001047704052e+00
  -3.7166298675303442e+00
  -3.7350869563218612e+00
  -3.6441032082598310e+00
  -3.6371391991212492e+00
  -3.6230293848723170e+00
  -3.6301145045283159e+00
  -3.6086789231257432e+00
  -3.6158841027843862e+00
  -3.6014141129778912e+00
  -3.4185121220785413e+00
  -3.5940899416326855e+00
  -3.5867066805824672e+00
  -3.5792646035098308e+00
  -3.5717639862776016e+00
  -3.4355745106051323e+00
  -3.5642051069185845e+00
  -3.4524240456758184e+00
  -3.4440260417096651e+00
  -3.4854745942187106e+00
  -3.5255466599607570e+00
  -3.5016707072671567e+00
  -3.4772937917629467e+00
  -3.5411817087408441e+00
  -3.4607682112064890e+00
  -3.5565882456251452e+00
  -3.4936003331216989e+00
  -3.5176441667386782e+00
  -3.5333926042392640e+00
  -3.5489136847390581e+00
  -3.5096854175025047e+00
  -3.0780202473369105e+00
  -3.4690582290002818e+00
  -3.4270697656435245e+00
  -3.0882566428976426e+00
  -3.4099018971248456e+00
  -3.4012394099461085e+00
  -3.3925249816433429e+00
  -3.3837589352428132e+00
  -3.0984526989754118e+00
  -3.3749415956842297e+00
  -3.1086080376229690e+00
  -3.3660732898086292e+00
  -3.1187222824023291e+00
  -3.3571543463462552e+00
  -3.3391658709550582e+00
  -3.3300970058227883e+00
  -3.1287950583988109e+00
  -3.1388259922348793e+00
  -3.3209788366721735e+00
  -3.2933318940947363e+00
  -3.3025959400996330e+00
  -3.3481850959043649e+00
  -3.1488147120840173e+00
  -3.2840199068801108e+00
  -3.2557997585529694e+00
  -3.2652534912926181e+00
  -3.1587608476844955e+00
  -3.2462994758443697e+00
  -3.1686640303530429e+00
  -3.3118117014953836e+00
  -3.2175228580174235e+00
  -3.2746603236324283e+00
  -3.1785238929986632e+00
  -3.2078399140554521e+00
  -3.2271606708581091e+00
  -3.1883400701360980e+00
  -3.2367529953231324e+00
  -3.1981121978993885e+00
  -3.0052680309176969e+00
  -3.0157760965090903e+00
  -3.0366788812496859e+00
  -3.0470728255747734e+00
  -3.0677438917357915e+00
  -3.0262465093254711e+00
  -3.0574279570181107e+00
  -2.8212526632115495e+00
  -2.8433967799283195e+00
  -2.9947227020641320e+00
  -2.9841405008424893e+00
  -2.8654158457208547e+00
  -2.9521765923247614e+00
  -2.9198950342320753e+00
  -2.8763774635393933e+00
  -2.9306901853664464e+00
  -2.8873065958096507e+00
  -2.9414508376892488e+00
  -2.8544221486790713e+00
  -2.9628670516908184e+00
  -2.9090657844406405e+00
  -2.9735218195136754e+00
  -2.8982028374106052e+00
  -2.7989867788914489e+00
  -2.8323401481567565e+00
  -2.8101347360833757e+00
  -2.7878092048680747e+00
  -2.7766024283434390e+00
  -2.7541029305080431e+00
  -2.7428110432083308e+00
  -2.7314916213986464e+00
  -2.4408010262921831e+00
  -2.4526700668024199e+00
  -2.7201450846671644e+00
  -2.4645223277445596e+00
  -2.7087718536070842e+00
  -2.6973723498012654e+00
  -2.4763573697791421e+00
  -2.6859469958063324e+00
  -2.4881747542050383e+00
  -2.4999740429755035e+00
  -2.5117547987147031e+00
  -2.5235165847337484e+00
  -2.6744962151371601e+00
  -2.6630204322511304e+00
  -2.6515200725324140e+00
  -2.5352589650469333e+00
  -2.5469815043878015e+00
  -2.6399955622761975e+00
  -2.5820257350412552e+00
  -2.5703653227805110e+00
  -2.5936645727797081e+00
  -2.5586837682254395e+00
  -2.6168757997922629e+00
  -2.6052814045675587e+00
  -2.6284473286728898e+00
  -2.7653668647301823e+00
  -2.2972244533451578e+00
  -2.3092603701606533e+00
  -2.3212848233168391e+00
  -2.3452975562034850e+00
  -2.3572849458303073e+00
  -2.3692590916234644e+00
  -2.3812195497254427e+00
  -2.3931658767861430e+00
  -2.4170143670188367e+00
  -2.4289156461752937e+00
  -2.4050976299793279e+00
  -2.0547883658120019e+00
  -2.2851775190175285e+00
  -2.2731200137333509e+00
  -2.0669594210643738e+00
  -2.2489750784604863e+00
  -2.0791279942657761e+00
  -2.2247932275099656e+00
  -2.2126895789115779e+00
  -2.1520620593385842e+00
  -2.1642006356355155e+00
  -2.1399178464072217e+00
  -2.1763331253454328e+00
  -2.2368885434759425e+00
  -2.0912936343517647e+00
  -2.1034558903664884e+00
  -2.3332973670913679e+00
  -2.2005780463386873e+00
  -2.1277684470029956e+00
  -2.1156143114796468e+00
  -2.1884590787414075e+00
  -2.0426152796651942e+00
  -2.0304406138557938e+00
  -2.0182648196741049e+00
  -2.0060883484523120e+00
  -1.9939116515477022e+00
  -1.9817351803259158e+00
  -1.6068341232138508e+00
  -2.2610523844401174e+00
  -1.9695593861442293e+00
  -1.6187804502745766e+00
  -1.9452116341880104e+00
  -1.9573847203348056e+00
  -1.9330405789356477e+00
  -1.6307409083765563e+00
  -1.6427150541697069e+00
  -1.9208720057342299e+00
  -1.9087063656482575e+00
  -1.6547024437965587e+00
  -1.8965441096335325e+00
  -1.6787151766832002e+00
  -1.8600821535927741e+00
  -1.8479379406614203e+00
  -1.6907396298393447e+00
  -1.7027755466548458e+00
  -1.8357993643644781e+00
  -1.6667026329086487e+00
  -1.7148224809824963e+00
  -1.7268799862666524e+00
  -1.8722315529970108e+00
  -1.7752067724900449e+00
  -1.7873104210884134e+00
  -1.7510249215395128e+00
  -1.8236668746545768e+00
  -1.7631114565240678e+00
  -1.7994219536613254e+00
  -1.8843856885203909e+00
  -1.8115409212586162e+00
  -1.5354776722554562e+00
  -1.5473299331975894e+00
  -1.5591989737078369e+00
  -1.5710843538247288e+00
  -1.5829856329811576e+00
  -1.5236426302208448e+00
  -1.5949023700206963e+00
  -1.5118252457949906e+00
  -1.5000259570245005e+00
  -1.4882452012852803e+00
  -1.4764834152662478e+00
  -1.4530184956121941e+00
  -1.4179742649587421e+00
  -1.4063354272202966e+00
  -1.3947185954324430e+00
  -1.2685083786013520e+00
  -1.4413162317745569e+00
  -1.3255037848628459e+00
  -1.3484799274675885e+00
  -1.3369795677488758e+00
  -1.2571889567916628e+00
  -1.3600044377237983e+00
  -1.4296346772194979e+00
  -1.2798549153328540e+00
  -1.3831242002077599e+00
  -1.4647410349530612e+00
  -1.2912281463929132e+00
  -1.3140530041936780e+00
  -1.3715526713271178e+00
  -1.3026276501987573e+00
  -1.2458970694919718e+00
  -1.2233975716565795e+00
  -1.2010132211085687e+00
  -1.1898652639166327e+00
  -1.2121907951319328e+00
  -1.1787473367884620e+00
  -7.0666810590528284e-01
  -1.1566032200717049e+00
  -1.1455778513209380e+00
  -7.1598009311990474e-01
  -1.1345841542791619e+00
  -1.1236225364606054e+00
  -7.3474650870740643e-01
  -7.4420024144703723e-01
  -7.5370052415564859e-01
  -1.1126934041903700e+00
  -7.6324700467687412e-01
  -7.7283932914190057e-01
  -1.1676598518432426e+00
  -1.0801049657679311e+00
  -1.0693098146335451e+00
  -1.0909342155593682e+00
  -1.0585491623107515e+00
  -7.9216008594455067e-01
  -8.0188780210061827e-01
  -8.1165992986391544e-01
  -8.2147610700134266e-01
  -1.0478234076752642e+00
  -9.9473196908230443e-01
  -9.8422390349090993e-01
  -1.0052772979358893e+00
  -9.4257204298189035e-01
  -9.5292717442520936e-01
  -9.3225610826421190e-01
  -1.0371329483091725e+00
  -9.2197975266309418e-01
  -9.7375349067453698e-01
  -8.7120494160118966e-01
  -8.3133596964696976e-01
  -8.8127771759766149e-01
  -1.0158594991575172e+00
  -1.0264781804863279e+00
  -8.6117400776512254e-01
  -8.9139196237702545e-01
  -9.1174335710235277e-01
  -8.4123915231553748e-01
  -1.1017971625893799e+00
  -9.6332111875030113e-01
  -9.0154730102456981e-01
  -8.5118528791599757e-01
  -6.4284565365375046e-01
  -6.7902116332782558e-01
  -6.8818829850461349e-01
  -6.9740405990034482e-01
  -5.7293023435647861e-01
  -5.8148787792145418e-01
  -5.9009810287515951e-01
  -5.9876059005388160e-01
  -6.3392671019136804e-01
  -6.2505840431576642e-01
  -6.5181490409563303e-01
  -6.0747501835666484e-01
  -6.6083412904495775e-01
  -6.1624106475719009e-01
  -6.6990299417721133e-01
  -7.2533967636758623e-01
  -5.6442548939484893e-01
  -3.9132107687426665e-01
  -3.9858588702212894e-01
  -4.0591005836731120e-01
  -4.2073539649016256e-01
  -4.2823601372239273e-01
  -4.3579489308143948e-01
  -5.4757595432418693e-01
  -5.5597395829033613e-01
  -3.8411589721562250e-01
  -4.4341175437486591e-01
  -5.3094177099970696e-01
  -4.7445334003925871e-01
  -4.8235583326134029e-01
  -4.9031458249747378e-01
  -5.3923178879350764e-01
  -4.6660739576075161e-01
  -5.2270620823706127e-01
  -4.9832929273284959e-01
  -4.5108631526094917e-01
  -5.1452540578129724e-01
  -5.0639966687829940e-01
  -3.7697061512768260e-01
  -3.5589679174017519e-01
  -3.4899372619773950e-01
  -3.4215186013419435e-01
  -3.3537144716374340e-01
  -3.1540142872799826e-01
  -3.2199598355988918e-01
  -3.0886931857384142e-01
  -3.6286080087876049e-01
  -3.6988549547169025e-01
  -3.0239989522958760e-01
  -2.9599339850374207e-01
  -1.1716839420895953e-01
  -3.2865273862263961e-01
  -2.7715383108045011e-01
  -2.8337013246964682e-01
  -2.7100139213044327e-01
  -2.6491304367813934e-01
  -1.3415138421420708e-01
  -1.3857043973628264e-01
  -1.6169734354618984e-01
  -1.6652784936430309e-01
  -1.7142631830403648e-01
  -2.3544047416523539e-01
  -2.2974132430806460e-01
  -2.2410779437625100e-01
  -1.9169615610466248e-01
  -2.0223401372696592e-01
  -2.0760300016075858e-01
  -1.4305849470487117e-01
  -1.4761538275680836e-01
  -2.8965006587223802e-01
  -1.7639256878900703e-01
  -2.5888901140636333e-01
  -1.8652767553332369e-01
  -2.1854009319341330e-01
  -2.5292951861386137e-01
  -1.9693166685915994e-01
  -1.5693497990681937e-01
  -1.2980149194413632e-01
  -1.2130983955728286e-01
  -1.1309674163789207e-01
  -1.0909503277204242e-01
  -1.0516341594670434e-01
  -9.3790562061784974e-02
  -9.0140744707533429e-02
  -9.7511038762466321e-02
  -8.6561721991095728e-02
  -6.3501625006946893e-02
  -6.0493513968856230e-02
  -5.1900975150107338e-02
  -4.9181080874042299e-02
  -1.5557657601109933e-02
  -1.4078597232546255e-02
  -1.2673150972478399e-02
  -1.8736398633869309e-02
  -2.2208902756999008e-02
  -3.6668225972201457e-02
  -3.9025601051615164e-02
  -1.1341370917970805e-02
  -3.4383627649222988e-02
  -2.0435961468533190e-02
  -4.6533499528070621e-02
  -2.4055156779902925e-02
  -1.0083306435428223e-02
  -3.2171890768139956e-02
  -6.6581518141387880e-02
  -6.9733079206742071e-02
  -9.2670181885587638e-06
  -8.3402648432125714e-05
  -5.7890958803504039e-03
  -6.7518590860559660e-03
  -1.5659228977614897e-03
  -1.1212052926451454e-03
  -4.9002540582682511e-03
  -5.4693081535261465e-02
  -4.3958329252701503e-02
  -2.5974655100324703e-02
  -7.7885079876912041e-03
  -7.5058210045935033e-04
  -4.0853665673856237e-03
  -2.0847184310215173e-03
  -2.4703478620703798e-01
  -2.4120503269175131e-01
  -2.1303842714301810e-01
  -1.8142641673030585e-01
  -7.9616588511186123e-02
  -8.3053626579634957e-02
  -7.2956191380983498e-02
  -1.2552092416781821e-01
  -7.6250735189834537e-02
  -1.0130203689899574e-01
  -5.7557296531738099e-02
  -4.1455665504314607e-02
  -4.5406705945947673e-04
  -2.3167116086112379e-04
  -2.6775726617204111e-03
  -3.3444636139431587e-03
  -2.7967326566324158e-02
  -3.0033097313583099e-02
  -4.5881829125917378e-01
  -8.8990041587675879e-03
  -1.7389476155598920e+00
  -1.2346331352698245e+00
  -7.8247714198255469e-01
  -4.1329331941753028e-01
  -1.5224093497742575e-01
  -1.7110277252379215e-02
