  -3.9998583923333908e+00
  -3.9987256513139866e+00
  -3.9964608108717270e+00
  -3.9930651538362700e+00
  -3.9885406035438078e+00
  -3.9828897227476374e+00
  -3.9761157121666044e+00
  -3.9682224086722440e+00
  -3.9592142831153989e+00
  -3.9490964377939886e+00
  -3.9378746035630137e+00
  -3.9255551365884784e+00
  -3.9121450147472636e+00
  -3.8976518336746411e+00
  -3.8654497390081919e+00
  -3.8820838024622626e+00
  -3.8477590650225610e+00
  -3.8290218006908683e+00
  -3.8092485589985072e+00
  -3.7884505397194235e+00
  -3.7666395230724867e+00
  -3.7438278630490278e+00
  -3.7200284804154022e+00
  -3.5269774099536613e+00
  -3.5572830760995129e+00
  -3.5867066805824637e+00
  -3.6152315575606599e+00
  -3.6952548553945466e+00
  -3.6428415502409819e+00
  -3.4958068475958504e+00
  -3.4637890443634558e+00
  -3.4309421354800542e+00
  -3.3972847257834817e+00
  -3.3628358791878008e+00
  -3.3276151078853435e+00
  -3.2175228580174324e+00
  -3.1794180834039198e+00
  -3.2549380147617093e+00
  -3.1406452738699304e+00
  -3.1012263907462989e+00
  -3.0611837613068276e+00
  -3.0205400661217960e+00
  -2.9793183262115739e+00
  -2.9375418900071626e+00
  -2.8952344201254245e+00
  -2.8524198799663489e+00
  -3.2916423612948256e+00
  -2.7653668647301970e+00
  -2.7211776974048991e+00
  -2.6315991752300492e+00
  -2.6765800473774135e+00
  -2.5862605586062219e+00
  -2.5405898777795479e+00
  -2.4946130011084313e+00
  -2.8091225201398720e+00
  -2.4483559703837949e+00
  -2.4018449860788018e+00
  -2.3551063925086169e+00
  -2.3081666629086941e+00
  -2.2137902431302239e+00
  -2.2610523844401165e+00
  -2.1664070087575191e+00
  -2.1189295196888560e+00
  -2.0713846676779606e+00
  -2.0237993826336256e+00
  -1.9762006173663704e+00
  -1.9286153323220399e+00
  -1.8810704803111353e+00
  -1.8335929912424709e+00
  -1.4160766661858778e-04
  -1.2743486860171572e-03
  -3.5391891282771028e-03
  -1.7862097568697797e+00
  -6.9348461637363549e-03
  -1.1459396456205912e-02
  -1.7110277252378816e-02
  -2.3884287833396911e-02
  -3.1777591327768501e-02
  -4.0785716884614930e-02
  -1.6448936074913896e+00
  -1.5981550139211964e+00
  -1.5516440296162042e+00
  -5.0903562206013248e-02
  -1.5053869988915638e+00
  -6.2125396436987342e-02
  -7.4444863411514975e-02
  -1.4594101222204572e+00
  -8.7854985252754106e-02
  -1.0234816632536253e-01
  -2.3336047692751280e-01
  -2.1154946028057728e-01
  -1.7097819930911973e-01
  -2.5617213695096919e-01
  -1.9075144100149138e-01
  -4.4271692390049111e-01
  -4.7302259004635511e-01
  -5.0419315240416107e-01
  -1.4137394413938029e+00
  -4.1329331941752906e-01
  -2.7997151958459748e-01
  -5.3621095563654997e-01
  -3.5715844975901789e-01
  -5.6905786451994711e-01
  -1.5224093497742508e-01
  -1.3455026099179901e-01
  -3.8476844243934488e-01
  -1.3684008247699508e+00
  -6.0271527421653148e-01
  -8.9877360925370309e-01
  -8.2058191659607704e-01
  -8.5935472613007158e-01
  -9.3881623869318365e-01
  -7.8247714198255891e-01
  -1.3234199526225812e+00
  -9.7945993387820296e-01
  -6.3716412081221685e-01
  -7.4506198523829437e-01
  -1.0206816737884141e+00
  -1.2788223025951007e+00
  -1.0624581099928352e+00
  -1.7389476155598949e+00
  -3.0474514460547308e-01
  -3.6695210200305626e+00
  -1.1047655798745804e+00
  -1.1791619753774711e-01
  -6.7238489211466490e-01
  -1.6918333370913159e+00
  -1.2346331352698203e+00
  -1.1475801200336642e+00
  -1.1908774798601323e+00
  -7.0835763870518342e-01
  -3.3047897996943987e-01
