  -6.4228131344806880e-05
  -3.9999357718686643e+00
  -3.9994219715691308e+00
  -3.9983945029696870e+00
  -3.9968536300356443e+00
  -3.9947997486301943e+00
  -3.9922333864127348e+00
  -3.9891552027032668e+00
  -3.9855659883130468e+00
  -3.9814666653414017e+00
  -3.9768582869388265e+00
  -3.9717420370364667e+00
  -3.9661192300418979e+00
  -3.9599913105014566e+00
  -3.9533598527291396e+00
  -3.9462265604021654e+00
  -3.9385932661232528e+00
  -3.9304619309498352e+00
  -3.9218346438902092e+00
  -3.9127136213668829e+00
  -3.9031012066471753e+00
  -3.8929998692411560e+00
  -3.8824122042672951e+00
  -3.8713409317856122e+00
  -3.8477590650225912e+00
  -3.8352545291208919e+00
  -3.8222785009142584e+00
  -3.8088343140533638e+00
  -3.7805553994534513e+00
  -3.7949254224627387e+00
  -3.8597888960990412e+00
  -3.7657279368051535e+00
  -3.7504468438175245e+00
  -3.7347160463317102e+00
  -3.6494619242067134e+00
  -3.6673783498708681e+00
  -3.7185395857217416e+00
  -3.6848664120307313e+00
  -3.7019216178562306e+00
  -3.6311217379185083e+00
  -3.5536192288851645e+00
  -3.5736062698366404e+00
  -3.5931890381188887e+00
  -3.5332330501032070e+00
  -3.6123625027542303e+00
  -3.5124529708712831e+00
  -3.4912843297663372e+00
  -3.4697325651900446e+00
  -3.4478032139718651e+00
  -3.4255019099462456e+00
  -3.4028343825055414e+00
  -3.3798064551279583e+00
  -3.3564240438814941e+00
  -3.3326931559040172e+00
  -3.3086198878599831e+00
  -3.1310505561610937e+00
  -3.1573425923596226e+00
  -3.1833372975243277e+00
  -3.2090279933971217e+00
  -3.2344080798223991e+00
  -3.2594710364427777e+00
  -3.2842104243741899e+00
  -3.1044679435736851e+00
  -3.0504583793152475e+00
  -3.0230453031549320e+00
  -2.9953693980624840e+00
  -3.0776015838939301e+00
  -2.9392576074676464e+00
  -2.9108361375555654e+00
  -2.7057500386282607e+00
  -2.7356529493903614e+00
  -2.7653668647301872e+00
  -2.8821806661886189e+00
  -2.7948841508932691e+00
  -2.8241972246408644e+00
  -2.9674377742104920e+00
  -2.6756658147528296e+00
  -2.6454080066539052e+00
  -2.5227970286386920e+00
  -2.5536710228496964e+00
  -2.5844027743240061e+00
  -2.4917887234794742e+00
  -2.4606540736660931e+00
  -2.4294010779516269e+00
  -2.3980377654932115e+00
  -2.2398493403252875e+00
  -2.2716428797904680e+00
  -2.3033666319179931e+00
  -2.3350124466094715e+00
  -2.2079941815497883e+00
  -2.1760855873218938e+00
  -2.8532985551980672e+00
  -2.1441317552274795e+00
  -2.0801212237835194e+00
  -2.0480809692772315e+00
  -2.0160283623660620e+00
  -1.9839716376339462e+00
  -1.9519190307227690e+00
  -1.9198787762164757e+00
  -1.8239144126781066e+00
  -1.7920058184501995e+00
  -1.7601506596747236e+00
  -1.7283571202095329e+00
  -5.7802843087554885e-04
  -1.6054970303201982e-03
  -3.1463699643675810e-03
  -5.2002513698152829e-03
  -7.7666135872758984e-03
  -1.0844797296743992e-02
  -4.0008689498553782e-02
  -3.3880769958106113e-02
  -2.8257962963528265e-02
  -1.5393459263339047e+00
  -1.0700013075884261e-01
  -9.6898793352834411e-02
  -8.7286378633123399e-02
  -7.8165356109800660e-02
  -2.3141713061169873e-02
  -1.4434011686962355e-02
  -4.6640147270865656e-02
  -6.9538069050166698e-02
  -1.5082112765205213e+00
  -1.5705989220483736e+00
  -1.6966333680819923e+00
  -1.6019622345068005e+00
  -1.6649875533905305e+00
  -1.4772029713613113e+00
  -1.1758779573271835e-01
  -1.2865906821439183e-01
  -5.3773439597834108e-02
  -1.5224093497742483e-01
  -1.6474547087912331e-01
  -1.7772149908574325e-01
  -1.9116568594663386e-01
  -2.0507457753726416e-01
  -1.4463289771502983e+00
  -2.1944460054654505e-01
  -1.4155972256759934e+00
  -2.3427206319485586e-01
  -2.8146041427825941e-01
  -2.6528395366829755e-01
  -2.9807838214376559e-01
  -1.3243341852471699e+00
  -1.3545919933461092e+00
  -1.2942499613717564e+00
  -1.2643470506096350e+00
  -1.2346331352698210e+00
  -3.1513358796927021e-01
  -3.3262165012913270e-01
  -3.5053807579328605e-01
  -1.2051158491067455e+00
  -1.1758027753591547e+00
  -3.6887826208147712e-01
  -4.0681096188112048e-01
  -4.2639373016335530e-01
  -4.4638077111481916e-01
  -4.6676694989679834e-01
  -4.8754702912871706e-01
  -8.4265740764038921e-01
  -8.6894944383891259e-01
  -8.1666270247567418e-01
  -5.0871567023366959e-01
  -5.9716561749447650e-01
  -1.0891638624444293e+00
  -9.7695469684507807e-01
  -7.6559192017760858e-01
  -5.7449809005376740e-01
  -6.6730684409599561e-01
  -6.2019354487204592e-01
  -6.4357595611850882e-01
  -6.9138011214002815e-01
  -1.8533334658607292e-02
  -1.0046306019374982e+00
  -1.0607423925323483e+00
  -9.4954162068475934e-01
  -8.9553205642630318e-01
  -1.1178193338114002e+00
  -7.4052896355722964e-01
  -5.5219678602813982e-01
  -2.1121408944743876e+00
  -1.8558682447725421e+00
  -1.8878591055256109e+00
  -7.9097200660288713e-01
  -5.3026743480992766e-01
  -3.8763749724578933e-01
  -6.1406733876744113e-02
  -7.1578957562585133e-01
  -1.0325622257895213e+00
  -9.2239841610607998e-01
  -2.6149843878165688e+00
  -2.3665721937892554e+00
  -1.6334278062107446e+00
  -1.3850156121834576e+00
  -1.1467014448019497e+00
  -2.4955315618249291e-01
  -1.4021110390096422e-01
