  -3.9999330678348093e+00
  -3.9993976373924225e+00
  -3.9983269198552929e+00
  -3.9967212018804505e+00
  -3.9945809133573866e+00
  -3.9919066272931105e+00
  -3.9886990596586402e+00
  -3.9849590691974144e+00
  -3.9806876571953391e+00
  -3.9758859672126468e+00
  -3.9705552847778853e+00
  -3.9646970370436265e+00
  -3.9583127924044637e+00
  -3.9514042600770578e+00
  -3.9439732896425870e+00
  -3.9360218705514605e+00
  -3.9275521315908999e+00
  -3.9185663403147961e+00
  -3.9090669024367881e+00
  -3.8885373966266252e+00
  -3.8990563611860765e+00
  -3.7864486023910309e+00
  -3.8009223044707352e+00
  -3.8149138561016604e+00
  -3.8775128249396196e+00
  -3.8659855976694697e+00
  -3.8539588009336758e+00
  -3.8414356545965038e+00
  -3.8284195114070787e+00
  -3.7714966248225767e+00
  -3.7560703747713178e+00
  -3.7238117030095603e+00
  -3.7401739822174283e+00
  -3.7069879177255105e+00
  -3.6897071304994138e+00
  -3.6719739678159060e+00
  -3.6351696263031799e+00
  -3.6537931772713779e+00
  -3.5563492875052050e+00
  -3.5766928552532109e+00
  -3.5966143041980807e+00
  -3.6161083008861454e+00
  -3.5355890474190246e+00
  -3.5144176930129758e+00
  -3.4708644221230225e+00
  -3.4928408923705359e+00
  -3.4484941659029205e+00
  -3.4257361127687340e+00
  -3.4025963556016565e+00
  -3.3790810894741323e+00
  -3.3551966099915740e+00
  -3.1782164316486567e+00
  -3.3309493116066795e+00
  -3.2045010434325536e+00
  -3.3063456859075457e+00
  -3.2304631811612441e+00
  -3.2813923198797217e+00
  -3.2560958941426499e+00
  -3.1247080184699501e+00
  -3.1516163828356785e+00
  -2.9571921640143595e+00
  -2.9857963844595807e+00
  -3.0141366833752357e+00
  -3.0974985425712522e+00
  -3.0422054733780479e+00
  -2.9283316800811008e+00
  -2.8992226593092263e+00
  -2.8698728948874179e+00
  -2.8104826280099702e+00
  -2.7804580257648537e+00
  -2.7502244760340733e+00
  -2.7197900730699756e+00
  -2.8402902444573934e+00
  -2.6891629648981517e+00
  -2.6583513511360648e+00
  -2.4062154688155295e+00
  -2.4382024803137337e+00
  -2.4700721744118503e+00
  -2.5018160188221192e+00
  -2.5334255149497955e+00
  -2.5648922001684165e+00
  -2.5962076500854705e+00
  -3.0699952397742067e+00
  -2.3419237775206052e+00
  -2.3096363101642763e+00
  -2.2772659456804605e+00
  -2.2448213503984285e+00
  -2.2123112105209093e+00
  -2.1797442297984868e+00
  -2.6273634807977873e+00
  -2.1144746345751551e+00
  -2.0817894943231559e+00
  -2.0490824570458148e+00
  -2.0163622792078746e+00
  -2.1471291271993298e+00
  -1.9836377207921285e+00
  -1.9509175429541712e+00
  -1.4981839811778699e+00
  -1.5299278255881437e+00
  -1.5617975196862639e+00
  -1.5937845311844767e+00
  -1.6580762224793988e+00
  -1.6903636898357133e+00
  -1.7227340543195462e+00
  -1.7551786496015684e+00
  -1.9182105056768277e+00
  -1.7876887894790860e+00
  -1.8855253654248614e+00
  -1.4665744850502005e+00
  -1.4351077998315702e+00
  -1.8202557702015350e+00
  -1.4037923499145182e+00
  -1.3416486488639274e+00
  -1.3108370351018432e+00
  -1.2802099269300213e+00
  -1.2497755239659234e+00
  -1.2195419742351408e+00
  -1.8528708728006864e+00
  -1.1895173719900278e+00
  -1.1301271051125699e+00
  -1.1007773406907826e+00
  -1.0716683199188985e+00
  -1.0428078359856396e+00
  -6.6932165199693242e-05
  -6.0236260759333215e-04
  -1.6730801447030724e-03
  -3.2787981195563833e-03
  -5.4190866426206651e-03
  -8.0933727069052042e-03
  -4.1687207595533717e-02
  -2.9444715222116776e-02
  -2.4114032787354467e-02
  -1.1300940341364097e-02
  -1.9312342804670240e-02
  -1.0142036155404304e+00
  -4.8595739922943103e-02
  -3.5302962956368832e-02
  -5.6026710357441840e-02
  -1.0094363881392725e-01
  -1.1146260337336733e-01
  -9.0933097563223875e-02
  -8.1433659685213849e-02
  -1.3726365192022163e+00
  -9.8586331662476978e-01
  -1.9907769552927362e-01
  -2.1355139760897121e-01
  -1.8508614389836345e-01
  -1.2248717506037370e-01
  -1.7158048859294095e-01
  -2.2850337517741948e-01
  -2.7618829699045222e-01
  -2.9301208227449999e-01
  -3.1029286950058727e-01
  -2.5982601778257625e-01
  -1.5856434540350570e-01
  -8.7529198153005927e-01
  -8.4838361716431276e-01
  -8.2178356835134592e-01
  -9.0250145742877019e-01
  -3.2802603218410581e-01
  -3.4620682272860748e-01
  -7.9549895656743830e-01
  -7.2447868409120819e-02
  -4.4365071249480414e-01
  -4.2330714474678471e-01
  -3.6483037369683208e-01
  -1.3401440233052175e-01
  -4.6441095258097720e-01
  -1.1597097555426030e+00
  -6.6905068839331683e-01
  -6.4480339000842202e-01
  -4.0338569580193656e-01
  -1.5040930802579027e-02
  -9.5779452662195463e-01
  -7.6953681883874547e-01
  -6.2091891052586545e-01
  -5.9740364439835236e-01
  -6.9365431409244649e-01
  -4.8558230698703198e-01
  -5.7426388723124311e-01
  -1.4604119906633273e-01
  -5.2913557787696364e-01
  -5.5150583409706411e-01
  -7.4390410585733169e-01
  -7.1860768012027809e-01
  -6.3978129448554535e-02
  -5.0715910762945371e-01
  -3.8389169911385346e-01
  -2.3741197036136672e+00
  -2.4392962522867490e-01
  -1.6258802963863370e+00
  -9.3000476022580691e-01
