  -3.9999623505652027e+00
  -3.9996611635916395e+00
  -3.9990588350021850e+00
  -3.9981554555052905e+00
  -3.9969511611465851e+00
  -3.9954461332883779e+00
  -3.9936405985823282e+00
  -3.9915348289353130e+00
  -3.9891291414685086e+00
  -3.9864238984695812e+00
  -3.9834195073381951e+00
  -3.9801164205245834e+00
  -3.9765151354615091e+00
  -3.9726161944891900e+00
  -3.9684201847738363e+00
  -3.9639277382190987e+00
  -3.9591395313708775e+00
  -3.9540562853155086e+00
  -3.9486787655711573e+00
  -3.9430077819725029e+00
  -3.9370441885488376e+00
  -3.9307888833953819e+00
  -3.9242428085380814e+00
  -3.9174069497917343e+00
  -3.9102823366115311e+00
  -3.9028700419380047e+00
  -3.8951711820354729e+00
  -3.8871869163239192e+00
  -3.8789184472043807e+00
  -3.8430280786840636e+00
  -3.8703670198779045e+00
  -3.8615339221579634e+00
  -3.8524204842766179e+00
  -3.7340924910313977e+00
  -3.7461899568365884e+00
  -3.8333581198420572e+00
  -3.8234120640108640e+00
  -3.7580244528572684e+00
  -3.8131914090298471e+00
  -3.8026976940920640e+00
  -3.7695941968618958e+00
  -3.7919324995124177e+00
  -3.7808974464895031e+00
  -3.7217338772755446e+00
  -3.7091159767308084e+00
  -3.6962406896066096e+00
  -3.6560900905155305e+00
  -3.6697257499727480e+00
  -3.6280726594118837e+00
  -3.6422050299822244e+00
  -3.6136951070876000e+00
  -3.6831099548738009e+00
  -3.5842131546004259e+00
  -3.5990745382158145e+00
  -3.5382066752911605e+00
  -3.5537769313464542e+00
  -3.5691131943111798e+00
  -3.5224047709685262e+00
  -3.5063735980872308e+00
  -3.4736331377547431e+00
  -3.4901155708829399e+00
  -3.4569287808964542e+00
  -3.4228643914904358e+00
  -3.4055094889144639e+00
  -3.3879429217793078e+00
  -3.3701673355454060e+00
  -3.3521854071506350e+00
  -3.4400050159227598e+00
  -3.3339998446072805e+00
  -3.2970288020442222e+00
  -3.2782488897275490e+00
  -3.3156133865941508e+00
  -3.2592764778298484e+00
  -3.2401144235265820e+00
  -3.2207656125526172e+00
  -3.2012329587677359e+00
  -3.0387119803311777e+00
  -3.0596072493725912e+00
  -3.0803429454597846e+00
  -3.1009159458732043e+00
  -3.1815194037177461e+00
  -3.1213231523946714e+00
  -3.1415614917739307e+00
  -3.0176602850862335e+00
  -2.9319529915359341e+00
  -2.9535984601266310e+00
  -2.9751003202968755e+00
  -3.1616279161915761e+00
  -2.9964553339455877e+00
  -2.9101671742526967e+00
  -2.8882442891408666e+00
  -2.8661876377063153e+00
  -2.7540148204328436e+00
  -2.7766900933976424e+00
  -2.7992483996912938e+00
  -2.8216863421158025e+00
  -2.8440005415996117e+00
  -2.4022092696841812e+00
  -2.4262206398321835e+00
  -2.7312259956095479e+00
  -2.4501678227195920e+00
  -2.7083270508409827e+00
  -2.4978552114914452e+00
  -2.5215882358305555e+00
  -2.5452427108998954e+00
  -2.5688150744225449e+00
  -2.6622126115197560e+00
  -2.6390040616320203e+00
  -2.5923017764872349e+00
  -2.6156992800830703e+00
  -2.6853214346240022e+00
  -2.3298262409799433e+00
  -2.3540084408243054e+00
  -2.3781373282996201e+00
  -2.3055943705168884e+00
  -2.1348878391273391e+00
  -2.1593648759428565e+00
  -2.1838179129942512e+00
  -2.2082432677440997e+00
  -2.2326372618238124e+00
  -2.2569962215875905e+00
  -2.4740472119887444e+00
  -2.1103904886993674e+00
  -2.0613496063532750e+00
  -2.0368134598116039e+00
  -2.0122717692983083e+00
  -1.9877282307016921e+00
  -1.9631865401883946e+00
  -1.9386503936467190e+00
  -1.7917567322558872e+00
  -1.8161820870057399e+00
  -1.8406351240571437e+00
  -1.8651121608726660e+00
  -1.8896095113006381e+00
  -2.2813164786656857e+00
  -1.7673627381761852e+00
  -1.7430037784124122e+00
  -1.6944056294831216e+00
  -1.6701737590200620e+00
  -1.6459915591757044e+00
  -1.6218626717003870e+00
  -1.5977907303158057e+00
  -1.5737793601678185e+00
  -1.5498321772804151e+00
  -2.0858765138698958e+00
  -1.9141234861301097e+00
  -1.4547572891001048e+00
  -1.4784117641694510e+00
  -1.5021447885085581e+00
  -1.2233099066023496e+00
  -1.2459851795671679e+00
  -1.2687740043904436e+00
  -1.4311849255774503e+00
  -1.4076982235127573e+00
  -1.3843007199169308e+00
  -1.3609959383679664e+00
  -1.7186835213343115e+00
  -1.2916729491590180e+00
  -1.2007516003087064e+00
  -1.1783136578841857e+00
  -1.1338123622936929e+00
  -1.1117557108591507e+00
  -1.0898328257473135e+00
  -1.0680470084640623e+00
  -1.0464015398733566e+00
  -1.0248996797031245e+00
  -9.1965705454021740e-01
  -9.4039275062741079e-01
  -9.6128801966882271e-01
  -9.8233971491378103e-01
  -1.5259527880112700e+00
  -1.3377873884802458e+00
  -1.1559994584004043e+00
  -8.9908405412679193e-01
  -8.7867684760532894e-01
  -8.5843850822607026e-01
  -3.7649434797924178e-05
  -3.3883640835302730e-04
  -9.4116499781309623e-04
  -1.8445444947082538e-03
  -3.0488388534106333e-03
  -4.5538667116169244e-03
  -6.3594014176680822e-03
  -1.3146785653760027e+00
  -8.1848059628225167e-01
  -7.9876704123225928e-01
  -7.7923438744738105e-01
  -7.5988557647341937e-01
  -1.6580492661800790e-02
  -1.3576101530410809e-02
  -1.9883579475406699e-02
  -2.3484864538501030e-02
  -1.0870858531488520e-02
  -2.7383805510802144e-02
  -3.1579815226142151e-02
  -4.0860468629118331e-02
  -4.5943714684491634e-02
  -5.1321234428848644e-02
  -5.6992218027495996e-02
  -6.2955811451165203e-02
  -7.4072352217014670e-01
  -6.9211116604620662e-02
  -6.2983266445459885e-01
  -6.1205707822069155e-01
  -6.4781459284936704e-01
  -5.9449051108555329e-01
  -5.0988442911706500e-01
  -5.2636686224526008e-01
  -4.9362640191277118e-01
  -8.9717663388457533e-02
  -9.7129958061981145e-02
  -1.0482881796451796e-01
  -1.1281308367607830e-01
  -7.2175111027245409e-01
  -6.6600015539272706e-01
  -5.7713560850956280e-01
  -4.7759522903147983e-01
  -5.4307121910355127e-01
  -4.6179332470883977e-01
  -1.2108155279561986e-01
  -7.5757191461915785e-02
  -2.9088402326919677e-01
  -2.7826612272446211e-01
  -2.6590750896861293e-01
  -1.2963298012210492e-01
  -2.5381004316341710e-01
  -1.5697192131591478e-01
  -1.8680859097016858e-01
  -1.7658793598913794e-01
  -1.6664188015791354e-01
  -1.9730230590795564e-01
  -7.0297119795576979e-01
  -3.4390990948448863e-01
  -8.4651710646798245e-03
  -4.4622306865353600e-01
  -3.0375931039340209e-01
  -4.1578684539957544e-01
  -4.0092546178418997e-01
  -3.5779497001778965e-01
  -3.3027425002723954e-01
  -2.4197554714273103e-01
  -3.8630489291240333e-01
  -2.0806750048762868e-01
  -1.3846607784203391e-01
  -1.4757951572337807e-01
  -1.0035446660544360e+00
  -2.3040580313812378e-01
  -3.7192734058810367e-01
  -6.8438661340584594e-01
  -4.3088680568885057e-01
  -8.2593050208256316e-02
  -2.1910255351048366e-01
  -5.5999498407723758e-01
  -3.6072261780889833e-02
  -8.3837208380847217e-01
  -3.1689004512620267e-01
