  -3.9980964431637078e+00
  -3.9828897227476205e+00
  -3.9525920142398747e+00
  -3.9074339014964510e+00
  -3.8477590650225686e+00
  -3.7740216663564379e+00
  -3.6867828916257719e+00
  -3.5867066805824663e+00
  -3.4745546736202528e+00
  -3.3511804152313265e+00
  -3.2175228580174440e+00
  -3.0745992166936529e+00
  -2.9234972264700669e+00
  -2.7653668647301757e+00
  -2.6014115990085465e+00
  -2.4328792278762088e+00
  -2.2610523844401027e+00
  -2.0872387747306758e+00
  -1.9127612252693260e+00
  -1.7389476155598971e+00
  -1.5671207721237945e+00
  -1.3985884009914524e+00
  -1.9035568362839293e-03
  -1.7110277252379180e-02
  -4.7407985760132908e-02
  -9.2566098503545718e-02
  -1.5224093497742552e-01
  -2.2597833364355641e-01
  -3.1321710837422856e-01
  -4.1329331941752950e-01
  -5.2544532637975261e-01
  -1.2346331352698201e+00
  -6.4881958476868018e-01
  -7.8247714198255824e-01
  -1.0765027735299322e+00
  -9.2540078330635289e-01
