  -3.9297180371778762e+00
  -3.9339529420897215e+00
  -3.9380584033437551e+00
  -3.9420341461525776e+00
  -3.9458799044111288e+00
  -3.9495954207144357e+00
  -3.9531804463749971e+00
  -3.9999832668887261e+00
  -3.9998494036782959e+00
  -3.9995816862172218e+00
  -3.9991801324244056e+00
  -3.9986447691767104e+00
  -3.9979756323071358e+00
  -3.9971727666025183e+00
  -3.9962362258003163e+00
  -3.9951660725852713e+00
  -3.9939623785850928e+00
  -3.9926252243655780e+00
  -3.9911546994253690e+00
  -3.9895509021898778e+00
  -3.9878139400047279e+00
  -3.9859439291285623e+00
  -3.9839409947252724e+00
  -3.9818052708555647e+00
  -3.9795369004680925e+00
  -3.9771360353897722e+00
  -3.9746028363157295e+00
  -3.9719374727984369e+00
  -3.9691401232364458e+00
  -3.9662109748624492e+00
  -3.9631502237306577e+00
  -3.9599580747037555e+00
  -3.9566347414392586e+00
  -3.8446127928651412e+00
  -3.8508744184219363e+00
  -3.8570121609464190e+00
  -3.8630256096261890e+00
  -3.9253539720595487e+00
  -3.9208610388311342e+00
  -3.9162395382143504e+00
  -3.9114897795362169e+00
  -3.9066120807083822e+00
  -3.9016067682058111e+00
  -3.8964741770448845e+00
  -3.8912146507610412e+00
  -3.8689143619680744e+00
  -3.8746780238251377e+00
  -3.8858285413857545e+00
  -3.8803162094230186e+00
  -3.7521401883908072e+00
  -3.7752792408057192e+00
  -3.7827552921387446e+00
  -3.7901120198000395e+00
  -3.7973489313879116e+00
  -3.8044655425201772e+00
  -3.8114613768666636e+00
  -3.8183359661810248e+00
  -3.8382277033801051e+00
  -3.8317195773347783e+00
  -3.8250888503321390e+00
  -3.6304451389531938e+00
  -3.6398667521778219e+00
  -3.7599711766308141e+00
  -3.7676843661892705e+00
  -3.7441919256142948e+00
  -3.7361269202956398e+00
  -3.6491786055700612e+00
  -3.7279457122431690e+00
  -3.6583800758674325e+00
  -3.7196488490428430e+00
  -3.6674705471956281e+00
  -3.6764494111096675e+00
  -3.7112368860216529e+00
  -3.6853160666348201e+00
  -3.7027103862105601e+00
  -3.6940699203065663e+00
  -3.5614744571441732e+00
  -3.5716463261216918e+00
  -3.5817130014076914e+00
  -3.5916738092177738e+00
  -3.6015280828535072e+00
  -3.6112751627470328e+00
  -3.6209143965052055e+00
  -3.5511980753003476e+00
  -3.5408178684106999e+00
  -3.5197487654754798e+00
  -3.5090612796306293e+00
  -3.4982727890469163e+00
  -3.4873840158213776e+00
  -3.4763956887631799e+00
  -3.4653085433448516e+00
  -3.5303345312449284e+00
  -3.4541233216529870e+00
  -3.1582955792300771e+00
  -3.1715957149128777e+00
  -3.1848174331577446e+00
  -3.1979598490064856e+00
  -3.4428407723387884e+00
  -3.4314616505676629e+00
  -3.2497189762847891e+00
  -3.2624517936081734e+00
  -3.2876630857795748e+00
  -3.2751001122995440e+00
  -3.3001398731812257e+00
  -3.4199867179688246e+00
  -3.3125296394061223e+00
  -3.4084167425844392e+00
  -3.3731443352484423e+00
  -3.3849947673824681e+00
  -3.3612019955909060e+00
  -3.3248315551803405e+00
  -3.3491685477365456e+00
  -2.8179551872769730e+00
  -2.8328591201952782e+00
  -3.2369025125644000e+00
  -3.2110220828086575e+00
  -2.8477073080493365e+00
  -3.1449179163162104e+00
  -3.1314636215672365e+00
  -3.1043287437331091e+00
  -3.0768982103906644e+00
  -3.0906499768441011e+00
  -3.0630743648083136e+00
  -3.0491793653569670e+00
  -3.0352141420589982e+00
  -2.9065227897584198e+00
  -2.9210774219164750e+00
  -2.9355704043684057e+00
  -2.9500007670674586e+00
  -3.0211796296370341e+00
  -2.9643675441582533e+00
  -2.9786697740412529e+00
  -3.0070767674514323e+00
  -2.7729189119166269e+00
  -2.7879840801220852e+00
  -2.8029965068469620e+00
  -2.8624987570178679e+00
  -2.8919074820672077e+00
  -3.3967524988179649e+00
  -2.6506205843245452e+00
  -2.6660711016811933e+00
  -2.6814770374568626e+00
  -2.6968373604988756e+00
  -2.7121510427075397e+00
  -2.7274170591050044e+00
  -2.7578020105748116e+00
  -2.9929064994372965e+00
  -2.6351265195234257e+00
  -2.5883934251235496e+00
  -2.6040118986384582e+00
  -2.5727355691626927e+00
  -2.5570393787701016e+00
  -2.5413059045258155e+00
  -2.5255361995052836e+00
  -2.5097313192090365e+00
  -2.7426343879036734e+00
  -3.3370447971100674e+00
  -3.2240032602807616e+00
  -2.8772324770770656e+00
  -2.2529389836473421e+00
  -2.2691614170142591e+00
  -2.2853658348247059e+00
  -2.3015511524819945e+00
  -2.3177162866677294e+00
  -2.3338601554144711e+00
  -2.3660797759102854e+00
  -2.3821533711304061e+00
  -2.3982013879979687e+00
  -2.4142227523844362e+00
  -2.4302163919452124e+00
  -2.4461812361913844e+00
  -2.4938923214919346e+00
  -2.4621162165613559e+00
  -2.4780202664923352e+00
  -2.2366996205266250e+00
  -2.2204444145877598e+00
  -2.1878908272278639e+00
  -2.1715946246888693e+00
  -2.1552869369501413e+00
  -2.1063058810290625e+00
  -2.1389688555204822e+00
  -2.1226414726044136e+00
  -2.2041744538269490e+00
  -1.6984488475180031e+00
  -1.7146341651752661e+00
  -1.7308385829857362e+00
  -1.7470610163526388e+00
  -2.0409033023691499e+00
  -2.0245430765714429e+00
  -2.0081812080524712e+00
  -1.9918187919475387e+00
  -1.9754569234285617e+00
  -1.9590966976308541e+00
  -1.9427392095797371e+00
  -1.8284053753111267e+00
  -1.8447130630498674e+00
  -1.8936941189709438e+00
  -1.8773585273955884e+00
  -1.8610311444795431e+00
  -1.9100368258291063e+00
  -2.0899631741709115e+00
  -2.0572607904202656e+00
  -2.0736144458827050e+00
  -2.3499816781781369e+00
  -1.8121091727721517e+00
  -1.7633003794733941e+00
  -1.7958255461730577e+00
  -1.6822837133322726e+00
  -1.6661398445855449e+00
  -1.6339202240897142e+00
  -1.6178466288695994e+00
  -1.6017986120020336e+00
  -1.5857772476155612e+00
  -1.5697836080547705e+00
  -1.4116065748764590e+00
  -1.4272644308373204e+00
  -1.5538187638086158e+00
  -1.4429606212298951e+00
  -1.4586940954741969e+00
  -1.4744638004947253e+00
  -1.4902686807909697e+00
  -1.5378837834386583e+00
  -1.5061076785080771e+00
  -1.5219797335076513e+00
  -1.7795555854122382e+00
  -1.3959881013615567e+00
  -1.3185229625431423e+00
  -1.3339288983188060e+00
  -1.3493794156754746e+00
  -1.3648734804765785e+00
  -1.9263855541172814e+00
  -1.3031626395011280e+00
  -1.2878489572924448e+00
  -1.2725829408950018e+00
  -1.2270810880834011e+00
  -1.2120159198779097e+00
  -1.1970034931530356e+00
  -1.1820448127230225e+00
  -1.1671408798047238e+00
  -1.1522926919506478e+00
  -1.1375012429821525e+00
  -1.2421979894252040e+00
  -1.1080925179328134e+00
  -1.0934772102416095e+00
  -1.0789225780835237e+00
  -1.0499992329325378e+00
  -1.0644295956315986e+00
  -1.0356324558417533e+00
  -1.0213302259587491e+00
  -9.7882037036296032e-01
  -9.6478585794102822e-01
  -9.5082063464306521e-01
  -9.3692563519170735e-01
  -9.2310178960935452e-01
  -1.6733111300251110e-05
  -1.5059632171297109e-04
  -4.1831378278278116e-04
  -8.1986757560273827e-04
  -1.3552308233021103e-03
  -2.0243676928648363e-03
  -2.8272333975132252e-03
  -3.7637741997013654e-03
  -7.3747756344444797e-03
  -8.8453005746557678e-03
  -6.0376214149258029e-03
  -1.0449097810145608e-02
  -1.2186059995289050e-02
  -3.0859876763558947e-02
  -1.4056070871446757e-02
  -2.0988798019996371e-01
  -2.0265106861209259e-01
  -1.9553445747981449e-01
  -1.8853862313332237e-01
  -1.6059005274742150e-02
  -2.8062527201576964e-02
  -3.3789025137567749e-02
  -2.5397163684283068e-02
  -3.6849776269358446e-02
  -4.6819553625002681e-02
  -5.0404579285556764e-02
  -5.4120095588879778e-02
  -5.7965853847419986e-02
  -6.6047057910296164e-02
  -6.1941596656250278e-02
  -1.6177229661988360e-01
  -1.5538720713488263e-01
  -1.4912558157805922e-01
  -1.4298783905356927e-01
  -1.3697439037381035e-01
  -1.3108563803192130e-01
  -7.0281962822146840e-02
  -9.8393231794189254e-02
  -1.0352582295511797e-01
  -9.3387919291612415e-02
  -1.0878534923895872e-01
  -1.1417145861422628e-01
  -8.8510220463790215e-02
  -2.2863964610230304e-02
  -8.3760461785663085e-02
  -2.6387307970435692e-01
  -2.1724470786126779e-01
  -1.8166403381895518e-01
  -9.0935002315591518e-01
  -8.4170442076993746e-01
  -8.2840428508712372e-01
  -8.1518256684226165e-01
  -8.0204015099354942e-01
  -2.7205428775682688e-01
  -2.8035115095715923e-01
  -2.5580807438571918e-01
  -2.4785981160918580e-01
  -2.2472075919429241e-01
  -1.8194729144440185e-02
  -7.4646027940448612e-02
  -4.3852554285580880e-01
  -4.2835367387829620e-01
  -4.1828699859231150e-01
  -4.0832619078223342e-01
  -3.9847191714649621e-01
  -2.8876311397834215e-01
  -3.5082139442995242e-01
  -3.6013324782220169e-01
  -3.4161992413256753e-01
  -3.2355058889032423e-01
  -3.1468393336519751e-01
  -3.6955486104681329e-01
  -3.3252945280438240e-01
  -2.4002882336919407e-01
  -1.2532197617485358e-01
  -9.9292323254856274e-01
  -8.6853637843277176e-01
  -7.8897791719135102e-01
  -4.4880192469964375e-01
  -8.5508208368379723e-01
  -7.5028102371523087e-01
  -7.3754820639183660e-01
  -7.2489988770045233e-01
  -4.8339274147308885e-03
  -4.0041925296232093e-02
  -2.0463099531919056e-02
  -1.6828042266519905e-01
  -2.9728961378947155e-01
  -5.0172721095308492e-01
  -5.1261598417862542e-01
  -4.9093872036936259e-01
  -4.8025123452450741e-01
  -3.8872483725296270e-01
  -4.5918213158930438e-01
  -1.6500183218218825e+00
  -8.9567125626689692e-01
  -6.9986012681876186e-01
  -1.2573656120963190e+00
  -7.6309748743559980e-01
  -5.2360431123683515e-01
  -6.8747036059388766e-01
  -7.1233691422041878e-01
  -6.7516844481965832e-01
  -6.2685566475156607e-01
  -6.3879800440909507e-01
  -6.1500523261752638e-01
  -6.5083145226346095e-01
  -5.8001328203117442e-01
  -5.9158325741557338e-01
  -5.6853834943236470e-01
  -5.5715922766122106e-01
  -1.0070935005627362e+00
  -5.3469145665517714e-01
  -5.4587667834700626e-01
  -6.0324750118205395e-01
  -7.7599673971926242e-01
  -4.3365258560745273e-02
  -7.9138961168869273e-02
  -1.7491114966786073e-01
  -1.1968379057696100e-01
  -3.0593007969345337e-01
  -2.3231563381073472e-01
  -3.7908560349480991e-01
  -4.6966546875508502e-01
  -6.6295520288993659e-01
  -3.1179335955082128e+00
  -2.6195899443291943e+00
  -1.3804100556708014e+00
  -1.1227675229229483e+00
  -8.8206640449178786e-01
