  -3.8334721506357186e+00
  -3.8383026564538367e+00
  -3.8430650200931820e+00
  -3.8477590650225721e+00
  -3.8523846172432012e+00
  -3.8569415052951217e+00
  -3.8614295602637205e+00
  -3.8658486157858007e+00
  -3.8701985080558736e+00
  -3.8744790758321899e+00
  -3.8786901604427308e+00
  -3.8828316057910617e+00
  -3.8869032583621248e+00
  -3.8909049672279656e+00
  -3.8948365840533006e+00
  -3.8986979631009993e+00
  -3.9024889612375264e+00
  -3.9062094379381920e+00
  -3.9098592552924551e+00
  -3.9134382780089094e+00
  -3.9169463734203713e+00
  -3.9203834114888152e+00
  -3.9237492648101555e+00
  -3.9270438086190129e+00
  -3.9302669207932497e+00
  -3.9334184818586175e+00
  -3.9364983749930542e+00
  -3.9395064860311440e+00
  -3.9424427034682554e+00
  -3.9453069184647305e+00
  -3.9480990248498888e+00
  -3.9508189191259415e+00
  -3.9534665004719081e+00
  -3.9560416707472945e+00
  -3.9585443344956772e+00
  -3.9609743989483936e+00
  -3.9633317740277940e+00
  -3.9656163723507820e+00
  -3.9678281092318572e+00
  -3.9699669026864153e+00
  -3.9720326734336857e+00
  -3.9740253448996845e+00
  -3.9759448432200952e+00
  -3.9777910972430095e+00
  -3.9795640385314495e+00
  -3.9812636013661229e+00
  -3.9828897227476188e+00
  -3.9844423423988924e+00
  -3.9859214027674628e+00
  -3.9873268490275380e+00
  -3.9886586290820261e+00
  -3.9899166935645773e+00
  -3.9911009958412373e+00
  -3.9922114920123168e+00
  -3.9932481409139458e+00
  -3.9942109041196452e+00
  -3.9950997459417272e+00
  -3.9959146334326259e+00
  -3.9999907329818103e+00
  -3.9999165973515809e+00
  -3.9997683288391435e+00
  -3.9995459329405580e+00
  -3.9992494178995450e+00
  -3.9988787947073496e+00
  -3.9984340771022211e+00
  -3.9979152815689636e+00
  -3.9973224273382635e+00
  -3.9966555363860610e+00
  -3.7040066014962671e+00
  -3.7103499341277821e+00
  -3.7166298675303482e+00
  -3.7228461689195256e+00
  -3.7289986078695687e+00
  -3.7350869563218674e+00
  -3.7411109885936442e+00
  -3.7587949673082757e+00
  -3.7529652137929901e+00
  -3.7470704813861584e+00
  -3.7758922056237645e+00
  -3.7702586756919243e+00
  -3.7814599068065937e+00
  -3.7869615728569688e+00
  -3.7923969998392293e+00
  -3.7977659862730344e+00
  -3.8030683331408253e+00
  -3.8083038438953327e+00
  -3.8134723244666615e+00
  -3.8185735832697127e+00
  -3.8236074312109971e+00
  -3.8285736816959526e+00
  -3.7645595258348044e+00
  -3.5565882456251305e+00
  -3.5642051069185694e+00
  -3.5717639862776278e+00
  -3.5792646035098556e+00
  -3.5867066805824819e+00
  -3.5940899416326832e+00
  -3.6014141129778907e+00
  -3.6086789231257415e+00
  -3.6158841027843982e+00
  -3.6230293848723187e+00
  -3.6301145045283065e+00
  -3.6441032082598368e+00
  -3.6371391991212318e+00
  -3.6510062738022637e+00
  -3.6578481398658207e+00
  -3.6780040164401093e+00
  -3.6713472613773850e+00
  -3.6845985712719784e+00
  -3.6911306814261646e+00
  -3.6646285528362723e+00
  -3.6976001047704381e+00
  -3.4185121220785524e+00
  -3.4270697656435143e+00
  -3.4355745106051723e+00
  -3.4440260417096797e+00
  -3.4524240456758482e+00
  -3.4607682112065090e+00
  -3.4690582290002778e+00
  -3.4772937917629210e+00
  -3.4854745942187106e+00
  -3.4936003331217282e+00
  -3.5016707072671602e+00
  -3.5176441667386622e+00
  -3.5096854175025403e+00
  -3.5255466599607308e+00
  -3.5333926042392374e+00
  -3.5489136847390692e+00
  -3.5411817087408366e+00
  -3.3025959400996525e+00
  -3.3118117014953841e+00
  -3.3209788366721669e+00
  -3.3300970058227710e+00
  -3.3391658709550165e+00
  -3.3481850959043822e+00
  -3.3571543463462432e+00
  -3.3749415956842350e+00
  -3.3660732898086474e+00
  -3.3837589352428155e+00
  -3.3925249816433318e+00
  -3.4012394099461414e+00
  -3.4099018971248243e+00
  -3.1883400701360793e+00
  -3.1981121978994049e+00
  -3.2078399140554503e+00
  -3.2175228580174502e+00
  -3.2271606708581073e+00
  -3.2367529953231409e+00
  -3.2462994758443613e+00
  -3.2557997585529614e+00
  -3.2652534912925937e+00
  -3.2746603236324194e+00
  -3.2840199068800922e+00
  -3.2933318940947114e+00
  -3.0157760965091107e+00
  -3.0262465093254836e+00
  -3.0366788812497316e+00
  -3.0470728255748005e+00
  -3.0574279570181080e+00
  -3.1785238929986965e+00
  -3.1686640303530336e+00
  -3.1587608476844697e+00
  -3.1488147120840186e+00
  -3.0882566428976355e+00
  -3.1287950583988100e+00
  -3.1086080376229841e+00
  -3.1388259922348882e+00
  -3.0677438917357982e+00
  -3.0984526989754309e+00
  -3.0780202473369083e+00
  -3.1187222824023424e+00
  -2.9735218195136666e+00
  -2.9841405008424804e+00
  -2.9947227020641223e+00
  -3.0052680309176978e+00
  -2.7989867788914227e+00
  -2.8323401481567645e+00
  -2.8544221486790669e+00
  -2.8654158457208201e+00
  -2.8433967799282840e+00
  -2.9306901853664313e+00
  -2.9414508376892350e+00
  -2.9090657844406209e+00
  -2.9628670516908380e+00
  -2.9198950342320571e+00
  -2.8763774635394124e+00
  -2.8982028374106488e+00
  -2.8873065958096591e+00
  -2.9521765923247618e+00
  -2.4881747542050245e+00
  -2.4999740429755040e+00
  -2.5117547987147169e+00
  -2.8212526632115393e+00
  -2.8101347360833762e+00
  -2.7878092048680818e+00
  -2.7766024283434461e+00
  -2.5235165847337750e+00
  -2.7653668647301917e+00
  -2.5352589650469382e+00
  -2.5703653227805319e+00
  -2.7428110432083619e+00
  -2.7314916213986691e+00
  -2.7201450846671476e+00
  -2.7087718536070886e+00
  -2.5820257350412823e+00
  -2.6515200725324277e+00
  -2.6284473286729106e+00
  -2.6630204322511282e+00
  -2.6744962151371476e+00
  -2.6973723498012743e+00
  -2.6052814045675676e+00
  -2.5936645727797067e+00
  -2.5586837682254560e+00
  -2.6399955622762037e+00
  -2.7541029305080471e+00
  -2.6859469958063351e+00
  -2.6168757997922696e+00
  -2.5469815043877739e+00
  -2.4645223277445618e+00
  -2.4526700668024075e+00
  -2.4763573697791421e+00
  -2.4408010262921729e+00
  -2.4289156461752870e+00
  -2.0669594210643614e+00
  -2.4170143670188531e+00
  -2.0791279942657761e+00
  -2.3931658767861590e+00
  -2.3812195497254374e+00
  -2.3692590916234506e+00
  -2.3572849458303051e+00
  -2.0912936343517368e+00
  -2.3452975562034726e+00
  -2.1034558903664680e+00
  -2.1156143114796082e+00
  -2.3212848233168155e+00
  -2.3092603701606640e+00
  -2.4050976299793243e+00
  -2.2972244533451547e+00
  -2.1277684470029827e+00
  -2.3332973670913608e+00
  -2.2851775190175099e+00
  -2.1399178464072310e+00
  -2.1520620593385860e+00
  -2.2247932275099696e+00
  -2.2368885434759576e+00
  -2.2126895789115846e+00
  -2.1642006356355044e+00
  -2.2005780463386966e+00
  -2.2489750784604992e+00
  -2.2731200137333576e+00
  -2.2610523844401023e+00
  -2.1763331253454212e+00
  -2.1884590787413987e+00
  -2.0060883484522964e+00
  -2.0547883658119996e+00
  -2.0182648196740818e+00
  -2.0426152796651986e+00
  -2.0304406138557849e+00
  -1.9939116515477009e+00
  -1.9817351803259160e+00
  -1.9695593861442122e+00
  -1.9573847203347923e+00
  -1.9452116341880181e+00
  -1.9330405789356522e+00
  -1.9208720057342177e+00
  -1.7752067724900329e+00
  -1.7873104210884283e+00
  -1.8479379406614134e+00
  -1.8357993643644834e+00
  -1.8600821535927718e+00
  -1.8965441096335187e+00
  -1.8236668746545668e+00
  -1.7994219536613261e+00
  -1.8722315529970059e+00
  -1.8843856885203758e+00
  -1.9087063656482655e+00
  -1.8115409212586093e+00
  -1.7631114565240642e+00
  -1.7510249215395157e+00
  -1.7268799862666524e+00
  -1.7148224809824719e+00
  -1.7027755466548444e+00
  -1.7389476155598937e+00
  -1.6907396298393504e+00
  -1.6787151766831911e+00
  -1.6427150541697100e+00
  -1.6547024437965321e+00
  -1.6307409083765572e+00
  -1.6187804502745717e+00
  -1.6667026329086534e+00
  -1.6068341232138477e+00
  -1.5710843538247301e+00
  -1.5591989737078356e+00
  -1.5473299331975938e+00
  -1.5829856329811691e+00
  -1.5354776722554500e+00
  -1.1455778513209482e+00
  -1.1566032200717098e+00
  -1.5000259570245100e+00
  -1.5118252457949923e+00
  -1.4882452012852903e+00
  -1.5949023700206972e+00
  -1.4764834152662323e+00
  -1.1676598518432453e+00
  -1.1787473367884687e+00
  -1.1898652639166287e+00
  -1.4296346772195119e+00
  -1.4179742649587508e+00
  -1.4413162317745587e+00
  -1.4647410349530594e+00
  -1.4063354272203077e+00
  -1.2010132211085578e+00
  -1.3947185954324413e+00
  -1.2121907951319375e+00
  -1.3600044377237948e+00
  -1.5236426302208521e+00
  -1.2233975716565650e+00
  -1.3715526713271007e+00
  -1.3484799274675927e+00
  -1.3369795677488843e+00
  -1.3255037848628544e+00
  -1.2912281463929127e+00
  -1.2798549153328571e+00
  -1.3026276501987410e+00
  -1.2685083786013556e+00
  -1.2346331352698328e+00
  -1.2571889567916781e+00
  -1.2458970694919906e+00
  -1.3831242002077477e+00
  -1.3140530041936955e+00
  -1.4530184956121992e+00
  -1.0909342155593669e+00
  -1.1017971625893705e+00
  -1.1236225364606096e+00
  -1.1345841542791664e+00
  -1.1126934041903669e+00
  -9.5292717442521979e-01
  -9.6332111875029192e-01
  -1.0801049657679351e+00
  -9.9473196908231565e-01
  -1.0052772979358862e+00
  -1.0585491623107526e+00
  -1.0158594991575138e+00
  -1.0478234076752522e+00
  -1.0693098146335529e+00
  -9.8422390349090927e-01
  -9.7375349067452721e-01
  -1.0264781804863330e+00
  -1.0371329483091680e+00
  -9.4257204298189468e-01
  -9.3225610826421257e-01
  -9.2197975266308918e-01
  -9.1174335710235188e-01
  -9.0154730102457148e-01
  -8.9139196237701723e-01
  -8.6117400776512165e-01
  -8.7120494160118789e-01
  -8.8127771759766604e-01
  -8.3133596964696932e-01
  -8.4123915231552704e-01
  -8.2147610700133922e-01
  -8.1165992986391966e-01
  -6.6083412904495697e-01
  -6.6990299417721366e-01
  -7.7283932914189224e-01
  -7.6324700467687567e-01
  -7.8247714198256069e-01
  -7.5370052415564726e-01
  -8.0188780210061428e-01
  -6.8818829850461494e-01
  -7.4420024144704655e-01
  -6.9740405990034038e-01
  -7.1598009311990607e-01
  -7.0666810590528162e-01
  -7.2533967636758601e-01
  -8.5118528791599402e-01
  -7.9216008594454423e-01
  -7.3474650870741243e-01
  -6.5181490409563325e-01
  -6.4284565365374913e-01
  -6.3392671019137126e-01
  -6.7902116332782347e-01
  -6.1624106475718243e-01
  -6.0747501835665962e-01
  -5.9876059005388238e-01
  -5.9009810287515796e-01
  -5.8148787792145606e-01
  -5.6442548939484827e-01
  -5.5597395829033891e-01
  -6.2505840431576665e-01
  -5.3923178879351108e-01
  -5.7293023435648627e-01
  -5.1452540578130002e-01
  -5.0639966687829963e-01
  -5.3094177099970841e-01
  -4.9832929273285176e-01
  -5.4757595432418893e-01
  -4.9031458249747167e-01
  -4.8235583326133780e-01
  -4.5881829125917190e-01
  -4.6660739576074606e-01
  -4.5108631526094967e-01
  -4.4341175437486607e-01
  -4.3579489308144348e-01
  -4.2073539649016400e-01
  -4.1329331941753145e-01
  -3.9858588702212600e-01
  -3.9132107687426831e-01
  -3.6988549547169580e-01
  -3.6286080087876005e-01
  -3.5589679174017530e-01
  -3.4899372619774383e-01
  -4.7445334003926054e-01
  -4.0591005836730998e-01
  -3.7697061512768243e-01
  -3.2865273862264055e-01
  -3.3537144716374184e-01
  -4.2823601372239617e-01
  -3.2199598355988751e-01
  -3.1540142872799765e-01
  -3.8411589721562012e-01
  -3.4215186013419735e-01
  -3.0886931857384353e-01
  -2.9599339850374384e-01
  -2.8965006587223890e-01
  -2.7715383108045177e-01
  -2.7100139213044250e-01
  -2.6491304367814050e-01
  -2.5292951861386159e-01
  -2.4703478620703820e-01
  -2.4120503269175261e-01
  -2.3544047416523234e-01
  -2.2974132430806277e-01
  -2.1854009319341369e-01
  -2.0760300016076003e-01
  -2.0223401372696875e-01
  -1.7639256878900678e-01
  -1.7142631830403682e-01
  -1.6652784936430468e-01
  -1.5224093497742777e-01
  -1.4761538275680847e-01
  -1.4305849470487067e-01
  -1.3857043973628272e-01
  -1.2980149194413604e-01
  -1.2552092416781777e-01
  -1.2130983955728254e-01
  -9.2670181878333241e-06
  -8.3402648432534296e-05
  -2.3167116086044717e-04
  -4.5406705945909954e-04
  -7.5058210045950689e-04
  -9.7511038762467458e-02
  -1.0130203689899611e-01
  -9.3790562061786986e-02
  -9.0140744707534984e-02
  -8.3053626579634388e-02
  -7.9616588511186373e-02
  -7.6250735189834717e-02
  -1.1212052926455949e-03
  -7.2956191380984595e-02
  -2.0847184310212150e-03
  -2.6775726617188846e-03
  -6.3501625006946671e-02
  -3.3444636139423165e-03
  -6.0493513968857035e-02
  -6.9733079206741669e-02
  -5.7557296531737662e-02
  -5.4693081535260278e-02
  -4.0853665673862101e-03
  -3.0033097313582981e-02
  -2.7967326566323777e-02
  -1.8736398633868851e-02
  -1.7110277252379121e-02
  -2.5974655100324106e-02
  -3.2171890768139207e-02
  -6.7518590860558411e-03
  -7.7885079876904182e-03
  -1.5557657601109465e-02
  -8.8990041587675497e-03
  -3.9025601051614942e-02
  -4.1455665504314336e-02
  -2.4055156779903140e-02
  -4.9002540582682589e-03
  -1.4078597232546257e-02
  -5.1900975150108393e-02
  -3.6668225972202192e-02
  -4.3958329252700740e-02
  -1.1341370917970521e-02
  -2.1303842714301915e-01
  -2.2410779437625197e-01
  -1.8142641673030602e-01
  -1.5693497990681862e-01
  -1.1716839420895904e-01
  -1.1309674163789191e-01
  -5.7890958803509113e-03
  -2.0435961468532902e-02
  -3.0239989522959121e-01
  -2.8337013246964760e-01
  -2.5888901140636539e-01
  -1.9169615610466101e-01
  -1.8652767553332023e-01
  -1.5659228977611831e-03
  -1.9693166685915939e-01
  -1.0083306435428274e-02
  -1.6169734354619067e-01
  -1.2673150972479463e-02
  -4.6533499528070364e-02
  -1.3415138421420658e-01
  -1.0909503277204388e-01
  -1.0516341594670468e-01
  -3.4383627649222738e-02
  -5.2270620823706349e-01
  -8.6561721991094492e-02
  -2.2208902756999608e-02
  -4.9181080874042694e-02
  -6.6581518141387797e-02
