  -3.9993976373924061e+00
  -3.9945809133573751e+00
  -3.9849590691974139e+00
  -3.9705552847778844e+00
  -3.9514042600770609e+00
  -3.9275521315908786e+00
  -3.8990563611860689e+00
  -3.8659855976694701e+00
  -3.8284195114070649e+00
  -3.7864486023910304e+00
  -3.7401739822174251e+00
  -3.6897071304994120e+00
  -3.6351696263031679e+00
  -3.5766928552532176e+00
  -3.5144176930129678e+00
  -3.4484941659029276e+00
  -3.3790810894741274e+00
  -3.3063456859075471e+00
  -3.2304631811612525e+00
  -3.1516163828356825e+00
  -3.0699952397741885e+00
  -2.9857963844595599e+00
  -2.8992226593092090e+00
  -2.8104826280099804e+00
  -2.7197900730699667e+00
  -2.6273634807977797e+00
  -2.5334255149497942e+00
  -2.4382024803137434e+00
  -2.3419237775205959e+00
  -2.2448213503984316e+00
  -2.1471291271993342e+00
  -2.0490824570458166e+00
  -1.9509175429541701e+00
  -1.8528708728006658e+00
  -1.7551786496015684e+00
  -1.6580762224793952e+00
  -1.5617975196862590e+00
  -1.4665744850502063e+00
  -1.3726365192022192e+00
  -1.2802099269300269e+00
  -1.1895173719900218e+00
  -6.0236260759069515e-04
  -5.4190866426184064e-03
  -1.5040930802579486e-02
  -2.9444715222117088e-02
  -4.8595739922942374e-02
  -7.2447868409119945e-02
  -1.0094363881392564e-01
  -1.3401440233052245e-01
  -1.7158048859293859e-01
  -2.1355139760896921e-01
  -2.5982601778257758e-01
  -3.1029286950058621e-01
  -3.6483037369683313e-01
  -4.2330714474678777e-01
  -4.8558230698703098e-01
  -5.5150583409706611e-01
  -6.2091891052586590e-01
  -6.9365431409244527e-01
  -7.6953681883874592e-01
  -8.4838361716430910e-01
  -1.1007773406907886e+00
  -9.3000476022580658e-01
  -1.0142036155404326e+00
