  -3.9997350429144478e+00
  -3.9989402418600486e+00
  -3.9976158074249737e+00
  -3.9957620905275095e+00
  -3.9933795823230831e+00
  -3.9904689140741261e+00
  -3.9870308569828135e+00
  -3.9830663219867315e+00
  -3.9785763595175205e+00
  -3.9735621592225487e+00
  -3.9680250496497131e+00
  -3.9619664978954283e+00
  -3.9553881092159102e+00
  -3.9482916266018515e+00
  -3.9406789303166025e+00
  -3.9325520373979836e+00
  -3.9239131011238566e+00
  -3.9147644104416024e+00
  -3.9051083893616383e+00
  -3.8949475963151672e+00
  -3.8842847234763020e+00
  -3.8731225960487543e+00
  -3.8614641715172753e+00
  -3.8493125388640510e+00
  -3.8366709177502551e+00
  -3.8235426576629727e+00
  -3.8099312370277358e+00
  -3.7958402622868865e+00
  -3.7812734669440244e+00
  -3.7662347105747891e+00
  -3.7507279778042388e+00
  -3.7347573772510954e+00
  -3.7183271404391345e+00
  -3.7014416206760181e+00
  -3.6841052918998507e+00
  -3.6663227474937767e+00
  -3.6480986990689375e+00
  -3.6294379752160921e+00
  -3.6103455202262449e+00
  -3.5908263927806261e+00
  -3.5708857646103564e+00
  -3.5505289191261604e+00
  -3.5297612500184883e+00
  -3.5085882598284215e+00
  -3.4870155584897318e+00
  -3.4650488618424937e+00
  -3.4426939901186309e+00
  -3.4199568663998021e+00
  -3.3968435150480416e+00
  -3.3733600601095621e+00
  -3.3495127236921425e+00
  -3.3253078243165368e+00
  -3.3007517752423405e+00
  -3.2758510827687504e+00
  -3.2506123445106714e+00
  -3.2250422476506335e+00
  -3.1991475671669805e+00
  -3.1729351640387842e+00
  -3.1464119834279827e+00
  -3.1195850528392097e+00
  -3.0924614802578088e+00
  -3.0650484522665198e+00
  -3.0373532321413466e+00
  -3.0093831579270982e+00
  -2.9811456404931187e+00
  -2.9526481615697326e+00
  -2.9238982717659003e+00
  -2.8949035885686345e+00
  -2.8656717943246912e+00
  -2.8362106342050786e+00
  -2.8065279141529191e+00
  -2.7766314988152092e+00
  -2.7465293094590262e+00
  -2.7162293218727283e+00
  -2.6857395642527200e+00
  -2.6550681150763196e+00
  -2.6242231009613102e+00
  -2.5932126945127365e+00
  -2.5620451121575125e+00
  -2.5307286119674219e+00
  -2.4992714914710841e+00
  -2.4676820854554680e+00
  -2.4359687637575247e+00
  -2.4041399290465439e+00
  -2.3722040145978074e+00
  -2.3401694820581329e+00
  -2.3080448192038983e+00
  -2.2758385376921479e+00
  -2.2435591708053684e+00
  -2.2112152711905315e+00
  -2.1788154085930165e+00
  -2.1463681675859889e+00
  -2.1138821452958596e+00
  -2.0813659491244167e+00
  -2.0488281944682303e+00
  -2.0162775024359454e+00
  -1.9837224975640546e+00
  -1.9511718055317695e+00
  -1.9186340508755835e+00
  -1.8861178547041404e+00
  -1.8536318324140115e+00
  -1.8211845914069837e+00
  -1.7887847288094685e+00
  -1.7564408291946321e+00
  -1.7241614623078525e+00
  -1.6919551807961020e+00
  -1.6598305179418673e+00
  -1.6277959854021926e+00
  -1.5958600709534565e+00
  -1.5640312362424760e+00
  -1.5323179145445325e+00
  -1.5007285085289155e+00
  -1.4692713880325787e+00
  -1.4379548878424877e+00
  -1.4067873054872628e+00
  -1.3757768990386892e+00
  -1.3449318849236807e+00
  -1.3142604357472802e+00
  -1.2837706781272722e+00
  -1.2534706905409749e+00
  -1.2233685011847908e+00
  -1.1934720858470811e+00
  -1.1637893657949219e+00
  -1.1343282056753090e+00
  -1.1050964114313655e+00
  -1.0761017282340990e+00
  -1.0473518384302669e+00
  -1.0188543595068806e+00
  -9.9061684207290157e-01
  -9.6264676785865244e-01
  -9.3495154773347955e-01
  -9.0753851974219146e-01
  -8.8041494716079050e-01
  -8.5358801657201744e-01
  -8.2706483596121561e-01
  -8.0085243283301932e-01
  -7.7495775234936626e-01
  -7.4938765548932951e-01
  -7.2414891723124974e-01
  -6.9924822475765891e-01
  -6.7469217568346318e-01
  -6.5048727630785796e-01
  -6.2663993989043787e-01
  -6.0315648495195806e-01
  -5.8004313360019777e-01
  -5.5730600988136869e-01
  -5.3495113815750517e-01
  -5.1298444151026712e-01
  -4.9141174017157729e-01
  -4.7023874998150988e-01
  -4.4947108087383814e-01
  -4.2911423538964238e-01
  -4.0917360721937285e-01
  -3.8965447977375450e-01
  -3.7056202478390715e-01
  -3.5190130093106120e-01
  -3.3367725250622288e-01
  -3.1589470810014997e-01
  -2.9855837932398199e-01
  -2.8167285956086552e-01
  -2.6524262274890481e-01
  -2.4927202219576108e-01
  -2.3376528942521085e-01
  -2.1872653305597561e-01
  -2.0415973771311346e-01
  -1.9006876297226391e-01
  -1.7645734233702709e-01
  -1.6332908224974513e-01
  -1.5068746113594900e-01
  -1.3853582848272486e-01
  -1.2687740395124614e-01
  -1.1571527652369844e-01
  -1.0505240368483353e-01
  -9.4891610638362517e-02
  -8.5235589558397773e-02
  -7.6086898876142769e-02
  -6.7447962602016395e-02
  -5.9321069683398411e-02
  -5.1708373398149009e-02
  -4.4611890784089808e-02
  -3.8033502104571806e-02
  -3.1974950350287357e-02
  -2.6437840777451795e-02
  -2.1423640482479970e-02
  -1.6933678013268214e-02
  -1.2969143017187207e-02
  -9.5310859258744846e-03
  -6.6204176769170814e-03
  -4.2379094724912516e-03
  -2.3841925750272097e-03
  -1.0597581399514452e-03
  -2.6495708555197134e-04
