  -3.9997456931320188e+00
  -3.9989828372000642e+00
  -3.9977116262036372e+00
  -3.9959323834204223e+00
  -3.9936455613240818e+00
  -3.9908517414691800e+00
  -3.9875516343432942e+00
  -3.9837460791863295e+00
  -3.9794360437771008e+00
  -3.9746226241872145e+00
  -3.9693070445023295e+00
  -3.9634906565108667e+00
  -3.9571749393602396e+00
  -3.9503614991806972e+00
  -3.9430520686768702e+00
  -3.9352485066871359e+00
  -3.9269527977109049e+00
  -3.9181670514039433e+00
  -3.9088935020418782e+00
  -3.8991345079520010e+00
  -3.8888925509135355e+00
  -3.8781702355264982e+00
  -3.8669702885493318e+00
  -3.8552955582054742e+00
  -3.8431490134590338e+00
  -3.8305337432597595e+00
  -3.8174529557575063e+00
  -3.8039099774863749e+00
  -3.7899082525187522e+00
  -3.7754513415894606e+00
  -3.7605429211902397e+00
  -3.7451867826347871e+00
  -3.7293868310946037e+00
  -3.7131470846058803e+00
  -3.6964716730476823e+00
  -3.6793648370916956e+00
  -3.6618309271237930e+00
  -3.6438744021377021e+00
  -3.6254998286010522e+00
  -3.6067118792940902e+00
  -3.5875153321213582e+00
  -3.5679150688966459e+00
  -3.5479160741015043e+00
  -3.5275234336176640e+00
  -3.5067423334336558e+00
  -3.4855780583259781e+00
  -3.4640359905151490e+00
  -3.4421216082969628e+00
  -3.4198404846493258e+00
  -3.3971982858150072e+00
  -3.3742007698606766e+00
  -3.3508537852125873e+00
  -3.3271632691692821e+00
  -3.3031352463916979e+00
  -3.2787758273710503e+00
  -3.2540912068748953e+00
  -3.2290876623717590e+00
  -3.2037715524347337e+00
  -3.1781493151244451e+00
  -3.1522274663518162e+00
  -3.1260125982210196e+00
  -3.0995113773530636e+00
  -3.0727305431904250e+00
  -3.0456769062831612e+00
  -3.0183573465569422e+00
  -2.9907788115634375e+00
  -2.9629483147135032e+00
  -2.9348729334936277e+00
  -2.9065598076660759e+00
  -2.8780161374532023e+00
  -2.8492491817063774e+00
  -2.8202662560600178e+00
  -2.7910747310711699e+00
  -2.7616820303451264e+00
  -2.7320956286475497e+00
  -2.7023230500035895e+00
  -2.6723718657844735e+00
  -2.6422496927820522e+00
  -2.6119641912717988e+00
  -2.5815230630647479e+00
  -2.5509340495488702e+00
  -2.5202049297203892e+00
  -2.4893435182055237e+00
  -2.4583576632731772e+00
  -2.4272552448390687e+00
  -2.3960441724618189e+00
  -2.3647323833314884e+00
  -2.3333278402511008e+00
  -2.3018385296116488e+00
  -2.2702724593610970e+00
  -2.2386376569679038e+00
  -2.2069421673795850e+00
  -2.1751940509768266e+00
  -2.1434013815236752e+00
  -2.1115722441143245e+00
  -2.0797147331170209e+00
  -2.0478369501156064e+00
  -2.0159470018492334e+00
  -1.9840529981507662e+00
  -1.9521630498843938e+00
  -1.9202852668829791e+00
  -1.8884277558856750e+00
  -1.8565986184763250e+00
  -1.8248059490231736e+00
  -1.7930578326204161e+00
  -1.7613623430320966e+00
  -1.7297275406389030e+00
  -1.6981614703883503e+00
  -1.6666721597488989e+00
  -1.6352676166685123e+00
  -1.6039558275381813e+00
  -1.5727447551609304e+00
  -1.5416423367268228e+00
  -1.5106564817944761e+00
  -1.4797950702796103e+00
  -1.4490659504511290e+00
  -1.4184769369352521e+00
  -1.3880358087282010e+00
  -1.3577503072179478e+00
  -1.3276281342155269e+00
  -1.2976769499964105e+00
  -1.2679043713524509e+00
  -1.2383179696548741e+00
  -1.2089252689288306e+00
  -1.1797337439399826e+00
  -1.1507508182936232e+00
  -1.1219838625467977e+00
  -1.0934401923339230e+00
  -1.0651270665063719e+00
  -1.0370516852864968e+00
  -1.0092211884365623e+00
  -9.8164265344305701e-01
  -9.5432309371683877e-01
  -9.2726945680957529e-01
  -9.0048862264693663e-01
  -8.7398740177898038e-01
  -8.4777253364818339e-01
  -8.2185068487555391e-01
  -7.9622844756526590e-01
  -7.7091233762824052e-01
  -7.4590879312510494e-01
  -7.2122417262895022e-01
  -6.9686475360830225e-01
  -6.7283673083071760e-01
  -6.4914621478741308e-01
  -6.2579923013932393e-01
  -6.0280171418499306e-01
  -5.8015951535067378e-01
  -5.5787839170303610e-01
  -5.3596400948485023e-01
  -5.1442194167402144e-01
  -4.9325766656634440e-01
  -4.7247656638233515e-01
  -4.5208392589849405e-01
  -4.3208493110335300e-01
  -4.1248466787864096e-01
  -3.9328812070590941e-01
  -3.7450017139894737e-01
  -3.5612559786229758e-01
  -3.3816907287620690e-01
  -3.2063516290830429e-01
  -3.0352832695231774e-01
  -2.8685291539411972e-01
  -2.7061316890539577e-01
  -2.5481321736521234e-01
  -2.3945707880976019e-01
  -2.2454865841053920e-01
  -2.1009174748124773e-01
  -1.9609002251362501e-01
  -1.8254704424249329e-01
  -1.6946625674024018e-01
  -1.5685098654096669e-01
  -1.4470444179452552e-01
  -1.3302971145066730e-01
  -1.2182976447350100e-01
  -1.1110744908646365e-01
  -1.0086549204799844e-01
  -9.1106497958122826e-02
  -8.1832948596057498e-02
  -7.3047202289096114e-02
  -6.4751493312864464e-02
  -5.6947931323130890e-02
  -4.9638500819303280e-02
  -4.2825060639760056e-02
  -3.6509343489133220e-02
  -3.0692955497670846e-02
  -2.5377375812785596e-02
  -2.0563956222898767e-02
  -1.6253920813670157e-02
  -1.2448365656706664e-02
  -9.1482585308200991e-03
  -6.3544386759179783e-03
  -4.0676165795774846e-03
  -2.2883737963630500e-03
  -1.0171627999346891e-03
  -2.5430686797942796e-04
