  -3.9998505733394651e+00
  -3.9994023156861873e+00
  -3.9986552940218103e+00
  -3.9976096199712883e+00
  -3.9962654497862014e+00
  -3.9946229843214116e+00
  -3.9926824690050484e+00
  -3.9904441938018351e+00
  -3.9879084931697615e+00
  -3.9850757460101036e+00
  -3.9819463756108102e+00
  -3.9785208495832514e+00
  -3.9747996797923406e+00
  -3.9707834222800535e+00
  -3.9664726771823373e+00
  -3.9618680886394357e+00
  -3.9569703446996396e+00
  -3.9517801772164689e+00
  -3.9462983617393181e+00
  -3.9405257173975690e+00
  -3.9344631067781872e+00
  -3.9281114357968310e+00
  -3.9214716535624849e+00
  -3.9145447522356336e+00
  -3.9073317668800112e+00
  -3.8998337753079326e+00
  -3.8920518979192380e+00
  -3.8839872975338787e+00
  -3.8756411792181593e+00
  -3.8670147901046663e+00
  -3.8581094192059187e+00
  -3.8489263972217529e+00
  -3.8394670963404733e+00
  -3.8297329300338245e+00
  -3.8197253528457700e+00
  -3.8094458601751491e+00
  -3.7988959880522239e+00
  -3.7880773129091541e+00
  -3.7769914513444376e+00
  -3.7656400598813482e+00
  -3.7540248347204042e+00
  -3.7421475114859124e+00
  -3.7300098649666205e+00
  -3.7176137088505139e+00
  -3.7049608954538047e+00
  -3.6920533154441455e+00
  -3.6788928975581126e+00
  -3.6654816083130011e+00
  -3.6518214517129781e+00
  -3.6379144689496257e+00
  -3.6237627380969366e+00
  -3.6093683738007916e+00
  -3.5947335269629792e+00
  -3.5798603844197903e+00
  -3.5647511686152460e+00
  -3.5494081372690069e+00
  -3.5338335830390104e+00
  -3.5180298331788848e+00
  -3.5019992491901948e+00
  -3.4857442264695724e+00
  -3.4692671939507793e+00
  -3.4525706137417607e+00
  -3.4356569807567396e+00
  -3.4185288223434105e+00
  -3.4011886979052850e+00
  -3.3836391985192531e+00
  -3.3658829465484010e+00
  -3.3479225952501657e+00
  -3.3297608283798628e+00
  -3.3114003597896642e+00
  -3.2928439330230779e+00
  -3.2740943209049873e+00
  -3.2551543251273163e+00
  -3.2360267758303873e+00
  -3.2167145311800143e+00
  -3.1972204769404220e+00
  -3.1775475260430368e+00
  -3.1576986181512137e+00
  -3.1376767192209742e+00
  -3.1174848210578139e+00
  -3.0971259408696450e+00
  -3.0766031208159443e+00
  -3.0559194275531794e+00
  -3.0350779517765609e+00
  -3.0140818077582150e+00
  -2.9929341328818273e+00
  -2.9716380871738313e+00
  -2.9501968528312212e+00
  -2.9286136337460413e+00
  -2.9068916550266430e+00
  -2.8850341625157672e+00
  -2.8630444223055278e+00
  -2.8409257202493703e+00
  -2.8186813614710777e+00
  -2.7963146698708981e+00
  -2.7738289876288649e+00
  -2.7512276747053859e+00
  -2.7285141083391737e+00
  -2.7056916825426001e+00
  -2.6827638075945370e+00
  -2.6597339095307708e+00
  -2.6366054296320613e+00
  -2.6133818239099238e+00
  -2.5900665625902066e+00
  -2.5666631295945481e+00
  -2.5431750220197862e+00
  -2.5196057496153976e+00
  -2.4959588342590493e+00
  -2.4722378094303350e+00
  -2.4484462196827796e+00
  -2.4245876201141878e+00
  -2.4006655758354172e+00
  -2.3766836614376587e+00
  -2.3526454604582931e+00
  -2.3285545648454189e+00
  -2.3044145744211160e+00
  -2.2802290963435388e+00
  -2.2560017445679108e+00
  -2.2317361393065007e+00
  -2.2074359064876692e+00
  -2.1831046772140557e+00
  -2.1587460872199977e+00
  -2.1343637763282537e+00
  -2.1099613879061163e+00
  -2.0855425683209963e+00
  -2.0611109663955585e+00
  -2.0366702328624902e+00
  -2.0122240198189836e+00
  -1.9877759801810178e+00
  -1.9633297671375112e+00
  -1.9388890336044424e+00
  -1.9144574316790046e+00
  -1.8900386120938846e+00
  -1.8656362236717470e+00
  -1.8412539127800032e+00
  -1.8168953227859452e+00
  -1.7925640935123319e+00
  -1.7682638606935002e+00
  -1.7439982554320901e+00
  -1.7197709036564619e+00
  -1.6955854255788849e+00
  -1.6714454351545820e+00
  -1.6473545395417075e+00
  -1.6233163385623421e+00
  -1.5993344241645833e+00
  -1.5754123798858128e+00
  -1.5515537803172204e+00
  -1.5277621905696652e+00
  -1.5040411657409516e+00
  -1.4803942503846030e+00
  -1.4568249779802145e+00
  -1.4333368704054528e+00
  -1.4099334374097943e+00
  -1.3866181760900771e+00
  -1.3633945703679398e+00
  -1.3402660904692305e+00
  -1.3172361924054639e+00
  -1.2943083174574006e+00
  -1.2714858916608267e+00
  -1.2487723252946143e+00
  -1.2261710123711351e+00
  -1.2036853301291017e+00
  -1.1813186385289223e+00
  -1.1590742797506302e+00
  -1.1369555776944726e+00
  -1.1149658374842331e+00
  -1.0931083449733578e+00
  -1.0713863662539598e+00
  -1.0498031471687796e+00
  -1.0283619128261690e+00
  -1.0070658671181731e+00
  -9.8591819224178501e-01
  -9.6492204822343952e-01
  -9.4408057244682109e-01
  -9.2339687918405600e-01
  -9.0287405913035568e-01
  -8.8251517894218634e-01
  -8.6232328077902509e-01
  -8.4230138184878567e-01
  -8.2245247395696253e-01
  -8.0277952305957745e-01
  -7.8328546881998506e-01
  -7.6397322416961155e-01
  -7.4484567487268194e-01
  -7.2590567909501202e-01
  -7.0715606697692146e-01
  -6.8859964021033526e-01
  -6.7023917162013669e-01
  -6.5207740474983300e-01
  -6.3411705345159719e-01
  -6.1636080148074557e-01
  -5.9881130209471389e-01
  -5.8147117765658907e-01
  -5.6434301924326002e-01
  -5.4742938625823889e-01
  -5.3073280604922035e-01
  -5.1425577353042740e-01
  -4.9800075080980460e-01
  -4.8197016682111427e-01
  -4.6616641696098821e-01
  -4.5059186273099200e-01
  -4.3524883138475340e-01
  -4.2013961558020907e-01
  -4.0526647303701990e-01
  -3.9063162619920788e-01
  -3.7623726190306345e-01
  -3.6208553105037378e-01
  -3.4817854828702105e-01
  -3.3451839168699737e-01
  -3.2110710244188667e-01
  -3.0794668455585367e-01
  -2.9503910454619431e-01
  -2.8238629114948527e-01
  -2.6999013503337871e-01
  -2.5785248851408660e-01
  -2.4597516527959506e-01
  -2.3435994011865102e-01
  -2.2300854865556155e-01
  -2.1192268709084555e-01
  -2.0110401194777577e-01
  -1.9055413982485031e-01
  -1.8027464715422942e-01
  -1.7026706996617488e-01
  -1.6053290365952610e-01
  -1.5107360277824733e-01
  -1.4189058079408007e-01
  -1.3298520989533313e-01
  -1.2435882078184098e-01
  -1.1601270246612111e-01
  -1.0794810208076176e-01
  -1.0016622469206726e-01
  -9.2668233119988397e-02
  -8.5455247764366554e-02
  -7.8528346437515842e-02
  -7.1888564203169414e-02
  -6.5536893221813261e-02
  -5.9474282602430970e-02
  -5.3701638260681431e-02
  -4.8219822783531131e-02
  -4.3029655300360473e-02
  -3.8131911360563861e-02
  -3.3527322817663026e-02
  -2.9216577719946450e-02
  -2.5200320207658701e-02
  -2.1479150416747736e-02
  -1.8053624389188609e-02
  -1.4924253989896236e-02
  -1.2091506830238949e-02
  -9.5558061981649740e-03
  -7.3175309949518848e-03
  -5.3770156785886043e-03
  -3.7345502137986399e-03
  -2.3903800287114196e-03
  -1.3447059781888635e-03
  -5.9768431381233703e-04
  -1.4942666053454186e-04
