  -3.9927949770850533e+00
  -3.9712318206954169e+00
  -3.9354658938669971e+00
  -3.8857548909221675e+00
  -3.8224569807762712e+00
  -3.7460282263223759e+00
  -3.6570192984876830e+00
  -3.5560715086368786e+00
  -3.4439121879090480e+00
  -3.3213494467801623e+00
  -3.1892663526085725e+00
  -3.0486145671144627e+00
  -2.9004074896353460e+00
  -2.7457129555606166e+00
  -2.5856455425531011e+00
  -2.4213585399914521e+00
  -2.2540356394937557e+00
  -2.0848824063922957e+00
  -1.9151175936077030e+00
  -1.7459643605062423e+00
  -1.5786414600085470e+00
  -1.4143544574468987e+00
  -1.2542870444393828e+00
  -1.0995925103646538e+00
  -9.5138543288553634e-01
  -8.1073364739142617e-01
  -6.7865055321983669e-01
  -5.5608781209095082e-01
  -4.4392849136312057e-01
  -3.4298070151231530e-01
  -2.5397177367762364e-01
  -1.7754301922372862e-01
  -1.1424510907783172e-01
  -6.4534106133002533e-02
  -2.8768179304582888e-02
  -7.2050229149469673e-03
