  -3.9999334150808790e+00
  -3.9997336647570605e+00
  -3.9994007623289063e+00
  -3.9989347299626998e+00
  -3.9983355986891667e+00
  -3.9976034084014134e+00
  -3.9967382078522720e+00
  -3.9957400546510513e+00
  -3.9946090152597007e+00
  -3.9933451649883875e+00
  -3.9919485879904788e+00
  -3.9904193772569418e+00
  -3.9887576346101499e+00
  -3.9869634706971011e+00
  -3.9850370049820558e+00
  -3.9829783657385773e+00
  -3.9807876900409953e+00
  -3.9784651237552708e+00
  -3.9760108215292935e+00
  -3.9734249467825782e+00
  -3.9707076716953864e+00
  -3.9678591771972598e+00
  -3.9648796529549739e+00
  -3.9617692973599103e+00
  -3.9585283175148427e+00
  -3.9551569292201543e+00
  -3.9516553569594608e+00
  -3.9480238338846676e+00
  -3.9442626018004456e+00
  -3.9403719111481297e+00
  -3.9363520209890410e+00
  -3.9322031989872412e+00
  -3.9279257213917083e+00
  -3.9235198730179399e+00
  -3.9189859472289950e+00
  -3.9143242459159566e+00
  -3.9095350794778287e+00
  -3.9046187668008714e+00
  -3.8995756352373667e+00
  -3.8944060205838213e+00
  -3.8891102670586086e+00
  -3.8836887272790501e+00
  -3.8781417622379331e+00
  -3.8724697412794753e+00
  -3.8666730420747344e+00
  -3.8607520505964574e+00
  -3.8547071610933838e+00
  -3.8485387760639918e+00
  -3.8422473062297002e+00
  -3.8358331705075193e+00
  -3.8292967959821569e+00
  -3.8226386178775811e+00
  -3.8158590795280443e+00
  -3.8089586323485571e+00
  -3.8019377358048385e+00
  -3.7947968573827171e+00
  -3.7875364725570035e+00
  -3.7801570647598370e+00
  -3.7726591253484871e+00
  -3.7650431535726434e+00
  -3.7573096565411710e+00
  -3.7494591491883416e+00
  -3.7414921542395545e+00
  -3.7334092021765253e+00
  -3.7252108312019612e+00
  -3.7168975872037322e+00
  -3.7084700237185166e+00
  -3.6999287018949474e+00
  -3.6912741904562472e+00
  -3.6825070656623620e+00
  -3.6736279112715851e+00
  -3.6646373185016952e+00
  -3.6555358859905827e+00
  -3.6463242197563961e+00
  -3.6370029331571869e+00
  -3.6275726468500693e+00
  -3.6180339887498949e+00
  -3.6083875939874406e+00
  -3.5986341048671227e+00
  -3.5887741708242245e+00
  -3.5788084483816580e+00
  -3.5687376011062448e+00
  -3.5585622995645365e+00
  -3.5482832212781639e+00
  -3.5379010506787223e+00
  -3.5274164790622033e+00
  -3.5168302045429591e+00
  -3.5061429320072213e+00
  -3.4953553730661682e+00
  -3.4844682460085394e+00
  -3.4734822757528097e+00
  -3.4623981937989190e+00
  -3.4512167381795691e+00
  -3.4399386534110779e+00
  -3.4285646904438067e+00
  -3.4170956066121612e+00
  -3.4055321655841593e+00
  -3.3938751373105869e+00
  -3.3821252979737286e+00
  -3.3702834299356881e+00
  -3.3583503216862893e+00
  -3.3463267677905808e+00
  -3.3342135688359256e+00
  -3.3220115313786960e+00
  -3.3097214678905695e+00
  -3.2973441967044308e+00
  -3.2848805419598799e+00
  -3.2723313335483599e+00
  -3.2596974070578977e+00
  -3.2469796037174672e+00
  -3.2341787703409750e+00
  -3.2212957592708755e+00
  -3.2083314283214208e+00
  -3.1952866407215375e+00
  -3.1821622650573529e+00
  -3.1689591752143587e+00
  -3.1556782503192249e+00
  -3.1423203746812618e+00
  -3.1288864377335379e+00
  -3.1153773339736590e+00
  -3.1017939629042051e+00
  -3.0881372289728408e+00
  -3.0744080415120907e+00
  -3.0606073146787920e+00
  -3.0467359673932242e+00
  -3.0327949232779239e+00
  -3.0187851105961867e+00
  -3.0047074621902570e+00
  -2.9905629154192130e+00
  -2.9763524120965617e+00
  -2.9620768984275148e+00
  -2.9477373249459968e+00
  -2.9333346464513470e+00
  -2.9188698219447486e+00
  -2.9043438145653711e+00
  -2.8897575915262417e+00
  -2.8751121240498412e+00
  -2.8604083873034374e+00
  -2.8456473603341523e+00
  -2.8308300260037731e+00
  -2.8159573709233072e+00
  -2.8010303853872904e+00
  -2.7860500633078473e+00
  -2.7710174021485119e+00
  -2.7559334028578135e+00
  -2.7407990698026223e+00
  -2.7256154107012827e+00
  -2.7103834365565063e+00
  -2.6951041615880600e+00
  -2.6797786031652335e+00
  -2.6644077817390937e+00
  -2.6489927207745416e+00
  -2.6335344466821651e+00
  -2.6180339887498949e+00
  -2.6024923790744685e+00
  -2.5869106524927092e+00
  -2.5712898465126219e+00
  -2.5556310012443082e+00
  -2.5399351593307142e+00
  -2.5242033658782050e+00
  -2.5084366683869730e+00
  -2.4926361166812994e+00
  -2.4768027628396392e+00
  -2.4609376611245772e+00
  -2.4450418679126287e+00
  -2.4291164416238988e+00
  -2.4131624426516094e+00
  -2.3971809332914908e+00
  -2.3811729776710520e+00
  -2.3651396416787236e+00
  -2.3490819928928852e+00
  -2.3330011005107818e+00
  -2.3168980352773332e+00
  -2.3007738694138364e+00
  -2.2846296765465706e+00
  -2.2684665316353110e+00
  -2.2522855109017561e+00
  -2.2360876917578612e+00
  -2.2198741527341044e+00
  -2.2036459734076708e+00
  -2.1874042343305682e+00
  -2.1711500169576796e+00
  -2.1548844035747536e+00
  -2.1386084772263430e+00
  -2.1223233216436856e+00
  -2.1060300211725500e+00
  -2.0897296607010301e+00
  -2.0734233255873096e+00
  -2.0571121015873928e+00
  -2.0407970747828110e+00
  -2.0244793315083043e+00
  -2.0081599582794891e+00
  -1.9918400417205120e+00
  -1.9755206684916964e+00
  -1.9592029252171899e+00
  -1.9428878984126079e+00
  -1.9265766744126913e+00
  -1.9102703392989706e+00
  -1.8939699788274504e+00
  -1.8776766783563152e+00
  -1.8613915227736582e+00
  -1.8451155964252468e+00
  -1.8288499830423210e+00
  -1.8125957656694320e+00
  -1.7963540265923290e+00
  -1.7801258472658958e+00
  -1.7639123082421397e+00
  -1.7477144890982448e+00
  -1.7315334683646899e+00
  -1.7153703234534303e+00
  -1.6992261305861636e+00
  -1.6831019647226664e+00
  -1.6669988994892182e+00
  -1.6509180071071157e+00
  -1.6348603583212771e+00
  -1.6188270223289483e+00
  -1.6028190667085100e+00
  -1.5868375573483913e+00
  -1.5708835583761012e+00
  -1.5549581320873715e+00
  -1.5390623388754232e+00
  -1.5231972371603613e+00
  -1.5073638833187006e+00
  -1.4915633316130261e+00
  -1.4757966341217958e+00
  -1.4600648406692862e+00
  -1.4443689987556922e+00
  -1.4287101534873787e+00
  -1.4130893475072908e+00
  -1.3975076209255315e+00
  -1.3819660112501051e+00
  -1.3664655533178349e+00
  -1.3510072792254586e+00
  -1.3355922182609066e+00
  -1.3202213968347665e+00
  -1.3048958384119396e+00
  -1.2896165634434942e+00
  -1.2743845892987180e+00
  -1.2592009301973779e+00
  -1.2440665971421871e+00
  -1.2289825978514874e+00
  -1.2139499366921527e+00
  -1.1989696146127098e+00
  -1.1840426290766930e+00
  -1.1691699739962269e+00
  -1.1543526396658474e+00
  -1.1395916126965622e+00
  -1.1248878759501584e+00
  -1.1102424084737579e+00
  -1.0956561854346283e+00
  -1.0811301780552509e+00
  -1.0666653535486523e+00
  -1.0522626750540025e+00
  -1.0379231015724839e+00
  -1.0236475879034372e+00
  -1.0094370845807856e+00
  -9.9529253780974303e-01
  -9.8121488940381307e-01
  -9.6720507672207567e-01
  -9.5326403260677550e-01
  -9.3939268532120745e-01
  -9.2559195848790843e-01
  -9.1186277102715863e-01
  -8.9820603709579461e-01
  -8.8462266602634099e-01
  -8.7111356226646131e-01
  -8.5767962531873732e-01
  -8.4432174968077411e-01
  -8.3104082478564079e-01
  -8.1783773494264678e-01
  -8.0471335927846188e-01
  -7.9166857167857851e-01
  -7.7870424072912325e-01
  -7.6582122965902477e-01
  -7.5302039628253248e-01
  -7.4030259294210199e-01
  -7.2766866645163986e-01
  -7.1511945804011967e-01
  -7.0265580329556854e-01
  -6.9027853210942958e-01
  -6.7798846862130380e-01
  -6.6578643116407465e-01
  -6.5367323220941931e-01
  -6.4164967831371023e-01
  -6.2971657006431148e-01
  -6.1787470202627048e-01
  -6.0612486268941290e-01
  -5.9446783441584072e-01
  -5.8290439338783884e-01
  -5.7143530955619259e-01
  -5.6006134658892170e-01
  -5.4878326182043002e-01
  -5.3760180620108011e-01
  -5.2651772424718979e-01
  -5.1553175399145978e-01
  -5.0464462693383083e-01
  -4.9385706799277790e-01
  -4.8316979545704003e-01
  -4.7258352093779521e-01
  -4.6209894932127560e-01
  -4.5171677872183480e-01
  -4.4143770043546221e-01
  -4.3126239889375451e-01
  -4.2119155161834132e-01
  -4.1122582917577422e-01
  -4.0136589513287657e-01
  -3.9161240601255887e-01
  -3.8196601125010476e-01
  -3.7242735314993025e-01
  -3.6299706684281285e-01
  -3.5367578024360380e-01
  -3.4446411400941757e-01
  -3.3536268149830517e-01
  -3.2637208872841433e-01
  -3.1749293433763753e-01
  -3.0872580954375173e-01
  -3.0007129810505229e-01
  -2.9152997628148331e-01
  -2.8310241279626769e-01
  -2.7478916879803861e-01
  -2.6659079782347489e-01
  -2.5850784576044555e-01
  -2.5054085081165950e-01
  -2.4269034345883109e-01
  -2.3495684642735742e-01
  -2.2734087465151312e-01
  -2.1984293524016277e-01
  -2.1246352744299565e-01
  -2.0520314261728317e-01
  -1.9806226419516168e-01
  -1.9104136765144342e-01
  -1.8414092047195688e-01
  -1.7736138212241948e-01
  -1.7070320401784403e-01
  -1.6416682949248104e-01
  -1.5775269377029957e-01
  -1.5146122393600825e-01
  -1.4529283890661632e-01
  -1.3924794940354285e-01
  -1.3332695792526633e-01
  -1.2753025872052542e-01
  -1.2185823776206796e-01
  -1.1631127272095057e-01
  -1.1088973294139191e-01
  -1.0559397941617979e-01
  -1.0042436476263437e-01
  -9.5381233199129251e-02
  -9.0464920522171755e-02
  -8.5675754084043765e-02
  -8.1014052771005221e-02
  -7.6480126982061081e-02
  -7.2074278608293435e-02
  -6.7796801012759034e-02
  -6.3647979010959629e-02
  -5.9628088851870709e-02
  -5.5737398199554485e-02
  -5.1976166115332970e-02
  -4.8344643040540175e-02
  -4.4843070779846547e-02
  -4.1471682485157778e-02
  -3.8230702640090777e-02
  -3.5120347045026520e-02
  -3.2140822802740665e-02
  -2.9292328304613913e-02
  -2.6575053217422116e-02
  -2.3989178470707105e-02
  -2.1534876244729807e-02
  -1.9212309959005455e-02
  -1.7021634261422031e-02
  -1.4962995017944415e-02
  -1.3036529302899485e-02
  -1.1242365389851258e-02
  -9.5806227430587955e-03
  -8.0514120095218373e-03
  -6.6548350116133730e-03
  -5.3909847402998914e-03
  -4.2599453489494477e-03
  -3.2617921477285016e-03
  -2.3965915985871794e-03
  -1.6644013108340792e-03
  -1.0652700373002949e-03
  -5.9923767109322230e-04
  -2.6633524294028045e-04
  -6.6584919122785054e-05
