  -3.9999630752704705e+00
  -3.9998523024453121e+00
  -3.9996676856147837e+00
  -3.9994092315958119e+00
  -3.9990769499317413e+00
  -3.9986708528919830e+00
  -3.9981909554715593e+00
  -3.9976372753905536e+00
  -3.9970098330934523e+00
  -3.9963086517483930e+00
  -3.9955337572463070e+00
  -3.9946851781999642e+00
  -3.9937629459429171e+00
  -3.9927670945283409e+00
  -3.9916976607277803e+00
  -3.9905546840297905e+00
  -3.9893382066384757e+00
  -3.9880482734719345e+00
  -3.9866849321606006e+00
  -3.9852482330454828e+00
  -3.9837382291763079e+00
  -3.9821549763095603e+00
  -3.9804985329064237e+00
  -3.9787689601306222e+00
  -3.9769663218461631e+00
  -3.9750906846149769e+00
  -3.9731421176944623e+00
  -3.9711206930349259e+00
  -3.9690264852769257e+00
  -3.9668595717485160e+00
  -3.9646200324623937e+00
  -3.9623079501129412e+00
  -3.9599234100731744e+00
  -3.9574665003915888e+00
  -3.9549373117889095e+00
  -3.9523359376547424e+00
  -3.9496624740441226e+00
  -3.9469170196739727e+00
  -3.9440996759194520e+00
  -3.9412105468102148e+00
  -3.9382497390265736e+00
  -3.9352173618955559e+00
  -3.9321135273868664e+00
  -3.9289383501087531e+00
  -3.9256919473037799e+00
  -3.9223744388444937e+00
  -3.9189859472289950e+00
  -3.9155265975764211e+00
  -3.9119965176223217e+00
  -3.9083958377139436e+00
  -3.9047246908054198e+00
  -3.9009832124528563e+00
  -3.8971715408093299e+00
  -3.8932898166197853e+00
  -3.8893381832158376e+00
  -3.8853167865104816e+00
  -3.8812257749927026e+00
  -3.8770652997219961e+00
  -3.8728355143227855e+00
  -3.8685365749787501e+00
  -3.8641686404270650e+00
  -3.8597318719525324e+00
  -3.8552264333816275e+00
  -3.8506524910764512e+00
  -3.8460102139285848e+00
  -3.8412997733528575e+00
  -3.8365213432810132e+00
  -3.8316751001552900e+00
  -3.8267612229219052e+00
  -3.8217798930244449e+00
  -3.8167312943971692e+00
  -3.8116156134582178e+00
  -3.8064330391027257e+00
  -3.8011837626958473e+00
  -3.7958679780656954e+00
  -3.7904858814961804e+00
  -3.7850376717197616e+00
  -3.7795235499101114e+00
  -3.7739437196746861e+00
  -3.7682983870472091e+00
  -3.7625877604800597e+00
  -3.7568120508365799e+00
  -3.7509714713832856e+00
  -3.7450662377819928e+00
  -3.7390965680818562e+00
  -3.7330626827113149e+00
  -3.7269648044699535e+00
  -3.7208031585202783e+00
  -3.7145779723793986e+00
  -3.7082894759106271e+00
  -3.7019379013149969e+00
  -3.6955234831226815e+00
  -3.6890464581843379e+00
  -3.6825070656623615e+00
  -3.6759055470220510e+00
  -3.6692421460226958e+00
  -3.6625171087085775e+00
  -3.6557306833998795e+00
  -3.6488831206835202e+00
  -3.6419746734039014e+00
  -3.6350055966535697e+00
  -3.6279761477637993e+00
  -3.6208865862950894e+00
  -3.6137371740275803e+00
  -3.6065281749513858e+00
  -3.5992598552568476e+00
  -3.5919324833247037e+00
  -3.5845463297161806e+00
  -3.5771016671630029e+00
  -3.5695987705573220e+00
  -3.5620379169415655e+00
  -3.5544193854982091e+00
  -3.5467434575394652e+00
  -3.5390104164968976e+00
  -3.5312205479109551e+00
  -3.5233741394204285e+00
  -3.5154714807518292e+00
  -3.5075128637086905e+00
  -3.4994985821607951e+00
  -3.4914289320333198e+00
  -3.4833042112959141e+00
  -3.4751247199516953e+00
  -3.4668907600261676e+00
  -3.4586026355560731e+00
  -3.4502606525781672e+00
  -3.4418651191179155e+00
  -3.4334163451781192e+00
  -3.4249146427274733e+00
  -3.4163603256890385e+00
  -3.4077537099286590e+00
  -3.3990951132432938e+00
  -3.3903848553492839e+00
  -3.3816232578705465e+00
  -3.3728106443266972e+00
  -3.3639473401211086e+00
  -3.3550336725288923e+00
  -3.3460699706848116e+00
  -3.3370565655711335e+00
  -3.3279937900054040e+00
  -3.3188819786281591e+00
  -3.3097214678905704e+00
  -3.3005125960420174e+00
  -3.2912557031176037e+00
  -3.2819511309255978e+00
  -3.2725992230348098e+00
  -3.2632003247619101e+00
  -3.2537547831586746e+00
  -3.2442629469991728e+00
  -3.2347251667668870e+00
  -3.2251417946417731e+00
  -3.2155131844872544e+00
  -3.2058396918371570e+00
  -3.1961216738825806e+00
  -3.1863594894587099e+00
  -3.1765534990315643e+00
  -3.1667040646846880e+00
  -3.1568115501057803e+00
  -3.1468763205732659e+00
  -3.1368987429428086e+00
  -3.1268791856337641e+00
  -3.1168180186155756e+00
  -3.1067156133941145e+00
  -3.0965723429979608e+00
  -3.0863885819646306e+00
  -3.0761647063267454e+00
  -3.0659010935981481e+00
  -3.0555981227599629e+00
  -3.0452561742466009e+00
  -3.0348756299317143e+00
  -3.0244568731140933e+00
  -3.0140002885035164e+00
  -3.0035062622065425e+00
  -2.9929751817122532e+00
  -2.9824074358779487e+00
  -2.9718034149147847e+00
  -2.9611635103733680e+00
  -2.9504881151292945e+00
  -2.9397776233686481e+00
  -2.9290324305734394e+00
  -2.9182529335070058e+00
  -2.9074395301993610e+00
  -2.8965926199324978e+00
  -2.8857126032256444e+00
  -2.8747998818204734e+00
  -2.8638548586662727e+00
  -2.8528779379050619e+00
  -2.8418695248566710e+00
  -2.8308300260037740e+00
  -2.8197598489768803e+00
  -2.8086594025392824e+00
  -2.7975290965719628e+00
  -2.7863693420584590e+00
  -2.7751805510696883e+00
  -2.7639631367487318e+00
  -2.7527175132955795e+00
  -2.7414440959518349e+00
  -2.7301433009853842e+00
  -2.7188155456750263e+00
  -2.7074612482950613e+00
  -2.6960808280998489e+00
  -2.6846747053083275e+00
  -2.6732433010884957e+00
  -2.6617870375418624e+00
  -2.6503063376878608e+00
  -2.6388016254482283e+00
  -2.6272733256313514e+00
  -2.6157218639165833e+00
  -2.6041476668385233e+00
  -2.5925511617712687e+00
  -2.5809327769126327e+00
  -2.5692929412683334e+00
  -2.5576320846361531e+00
  -2.5459506375900696e+00
  -2.5342490314643564e+00
  -2.5225276983376537e+00
  -2.5107870710170177e+00
  -2.4990275830219359e+00
  -2.4872496685683223e+00
  -2.4754537625524828e+00
  -2.4636403005350571e+00
  -2.4518097187249337e+00
  -2.4399624539631475e+00
  -2.4280989437067451e+00
  -2.4162196260126327e+00
  -2.4043249395214046e+00
  -2.3924153234411420e+00
  -2.3804912175311976e+00
  -2.3685530620859558e+00
  -2.3566012979185795e+00
  -2.3446363663447269e+00
  -2.3326587091662603e+00
  -2.3206687686549321e+00
  -2.3086669875360522e+00
  -2.2966538089721422e+00
  -2.2846296765465715e+00
  -2.2725950342471770e+00
  -2.2605503264498719e+00
  -2.2484959979022334e+00
  -2.2364324937070830e+00
  -2.2243602593060499e+00
  -2.2122797404631243e+00
  -2.2001913832481970e+00
  -2.1880956340205890e+00
  -2.1759929394125690e+00
  -2.1638837463128615e+00
  -2.1517685018501469e+00
  -2.1396476533765503e+00
  -2.1275216484511228e+00
  -2.1153909348233171e+00
  -2.1032559604164525e+00
  -2.0911171733111771e+00
  -2.0789750217289220e+00
  -2.0668299540153496e+00
  -2.0546824186238011e+00
  -2.0425328640987344e+00
  -2.0303817390591643e+00
  -2.0182294921820967e+00
  -2.0060765721859606e+00
  -1.9939234278140399e+00
  -1.9817705078179042e+00
  -1.9696182609408370e+00
  -1.9574671359012670e+00
  -1.9453175813762000e+00
  -1.9331700459846510e+00
  -1.9210249782710791e+00
  -1.9088828266888231e+00
  -1.8967440395835475e+00
  -1.8846090651766834e+00
  -1.8724783515488777e+00
  -1.8603523466234504e+00
  -1.8482314981498540e+00
  -1.8361162536871392e+00
  -1.8240070605874315e+00
  -1.8119043659794114e+00
  -1.7998086167518033e+00
  -1.7877202595368764e+00
  -1.7756397406939513e+00
  -1.7635675062929177e+00
  -1.7515040020977668e+00
  -1.7394496735501286e+00
  -1.7274049657528239e+00
  -1.7153703234534297e+00
  -1.7033461910278587e+00
  -1.6913330124639485e+00
  -1.6793312313450681e+00
  -1.6673412908337397e+00
  -1.6553636336552735e+00
  -1.6433987020814211e+00
  -1.6314469379140450e+00
  -1.6195087824688039e+00
  -1.6075846765588593e+00
  -1.5956750604785965e+00
  -1.5837803739873677e+00
  -1.5719010562932560e+00
  -1.5600375460368532e+00
  -1.5481902812750665e+00
  -1.5363596994649433e+00
  -1.5245462374475172e+00
  -1.5127503314316779e+00
  -1.5009724169780645e+00
  -1.4892129289829830e+00
  -1.4774723016623468e+00
  -1.4657509685356445e+00
  -1.4540493624099309e+00
  -1.4423679153638480e+00
  -1.4307070587316679e+00
  -1.4190672230873682e+00
  -1.4074488382287320e+00
  -1.3958523331614776e+00
  -1.3842781360834180e+00
  -1.3727266743686499e+00
  -1.3611983745517728e+00
  -1.3496936623121396e+00
  -1.3382129624581378e+00
  -1.3267566989115045e+00
  -1.3153252946916727e+00
  -1.3039191719001515e+00
  -1.2925387517049394e+00
  -1.2811844543249742e+00
  -1.2698566990146163e+00
  -1.2585559040481664e+00
  -1.2472824867044212e+00
  -1.2360368632512682e+00
  -1.2248194489303117e+00
  -1.2136306579415410e+00
  -1.2024709034280376e+00
  -1.1913405974607185e+00
  -1.1802401510231209e+00
  -1.1691699739962274e+00
  -1.1581304751433299e+00
  -1.1471220620949385e+00
  -1.1361451413337278e+00
  -1.1252001181795275e+00
  -1.1142873967743570e+00
  -1.1034073800675031e+00
  -1.0925604698006399e+00
  -1.0817470664929951e+00
  -1.0709675694265615e+00
  -1.0602223766313521e+00
  -1.0495118848707057e+00
  -1.0388364896266329e+00
  -1.0281965850852153e+00
  -1.0175925641220509e+00
  -1.0070248182877461e+00
  -9.9649373779345718e-01
  -9.8599971149648324e-01
  -9.7554312688590672e-01
  -9.6512437006828622e-01
  -9.5474382575339944e-01
  -9.4440187724003744e-01
  -9.3409890640185189e-01
  -9.2383529367325468e-01
  -9.1361141803536938e-01
  -9.0342765700203909e-01
  -8.9328438660588527e-01
  -8.8318198138442383e-01
  -8.7312081436623545e-01
  -8.6310125705719098e-01
  -8.5312367942673395e-01
  -8.4318844989421982e-01
  -8.3329593531531199e-01
  -8.2344650096843541e-01
  -8.1364051054128961e-01
  -8.0387832611741883e-01
  -7.9416030816284278e-01
  -7.8448681551274535e-01
  -7.7485820535822680e-01
  -7.6527483323311285e-01
  -7.5573705300082716e-01
  -7.4624521684132494e-01
  -7.3679967523808942e-01
  -7.2740077696518934e-01
  -7.1804886907440135e-01
  -7.0874429688239515e-01
  -6.9948740395798203e-01
  -6.9027853210942980e-01
  -6.8111802137184052e-01
  -6.7200620999459570e-01
  -6.6294343442886594e-01
  -6.5393002931518762e-01
  -6.4496632747110683e-01
  -6.3605265987889015e-01
  -6.2718935567330214e-01
  -6.1837674212945326e-01
  -6.0961514465071520e-01
  -6.0090488675670539e-01
  -5.9224629007134044e-01
  -5.8363967431096109e-01
  -5.7508535727252652e-01
  -5.6658365482187956e-01
  -5.5813488088208385e-01
  -5.4973934742183228e-01
  -5.4139736444392672e-01
  -5.3310923997383264e-01
  -5.2487528004830419e-01
  -5.1669578870408472e-01
  -5.0857106796667995e-01
  -5.0050141783920543e-01
  -4.9248713629130969e-01
  -4.8452851924817092e-01
  -4.7662586057957124e-01
  -4.6877945208904442e-01
  -4.6098958350310193e-01
  -4.5325654246053415e-01
  -4.4558061450179021e-01
  -4.3796208305843382e-01
  -4.3040122944267800e-01
  -4.2289833283699735e-01
  -4.1545367028381985e-01
  -4.0806751667529689e-01
  -4.0074014474315267e-01
  -3.9347182504861372e-01
  -3.8626282597241912e-01
  -3.7911341370490986e-01
  -3.7202385223620038e-01
  -3.6499440334643024e-01
  -3.5802532659609848e-01
  -3.5111687931647922e-01
  -3.4426931660011983e-01
  -3.3748289129142134e-01
  -3.3075785397730290e-01
  -3.2409445297794842e-01
  -3.1749293433763770e-01
  -3.1095354181566059e-01
  -3.0447651687731769e-01
  -2.9806209868500277e-01
  -2.9171052408937292e-01
  -2.8542202762060193e-01
  -2.7919684147972124e-01
  -2.7303519553004524e-01
  -2.6693731728868431e-01
  -2.6090343191814286e-01
  -2.5493376221800668e-01
  -2.4902852861671437e-01
  -2.4318794916341990e-01
  -2.3741223951993948e-01
  -2.3170161295279013e-01
  -2.2605628032531247e-01
  -2.2047645008988770e-01
  -2.1496232828023745e-01
  -2.0951411850381874e-01
  -2.0413202193430333e-01
  -1.9881623730415207e-01
  -1.9356696089727393e-01
  -1.8838438654178127e-01
  -1.8326870560282960e-01
  -1.7822010697555477e-01
  -1.7323877707809499e-01
  -1.6832489984470972e-01
  -1.6347865671898665e-01
  -1.5870022664714251e-01
  -1.5398978607141517e-01
  -1.4934750892354903e-01
  -1.4477356661837204e-01
  -1.4026812804746677e-01
  -1.3583135957293394e-01
  -1.3146342502124941e-01
  -1.2716448567721500e-01
  -1.2293470027800343e-01
  -1.1877422500729644e-01
  -1.1468321348951814e-01
  -1.1066181678416231e-01
  -1.0671018338021467e-01
  -1.0282845919066989e-01
  -9.9016787547143714e-02
  -9.5275309194580743e-02
  -9.1604162286057084e-02
  -8.8003482377679410e-02
  -8.4473402423579619e-02
  -8.1014052771004985e-02
  -7.7625561155506034e-02
  -7.4308052696219096e-02
  -7.1061649891246539e-02
  -6.7886472613134310e-02
  -6.4782638104444248e-02
  -6.1750260973426223e-02
  -5.8789453189785811e-02
  -5.5900324080549235e-02
  -5.3082980326027734e-02
  -5.0337525955877378e-02
  -4.7664062345258190e-02
  -4.5062688211090871e-02
  -4.2533499608411733e-02
  -4.0076589926826028e-02
  -3.7692049887058883e-02
  -3.5379967537606812e-02
  -3.3140428251484659e-02
  -3.0973514723075565e-02
  -2.8879306965075020e-02
  -2.6857882305537931e-02
  -2.4909315385023362e-02
  -2.3033678153837733e-02
  -2.1231039869378455e-02
  -1.9501467093576766e-02
  -1.7845023690439533e-02
  -1.6261770823691422e-02
  -1.4751766954516302e-02
  -1.3315067839398670e-02
  -1.1951726528064748e-02
  -1.0661793361523713e-02
  -9.4453159702088448e-03
  -8.3023392722188175e-03
  -7.2329054716590412e-03
  -6.2370540570833594e-03
  -5.3148218000359203e-03
  -4.4662427536933894e-03
  -3.6913482516075262e-03
  -2.9901669065482313e-03
  -2.3627246094469934e-03
  -1.8090445284410128e-03
  -1.3291471080174497e-03
  -9.2305006825877311e-04
  -5.9076840418834174e-04
  -3.3231438521675704e-04
  -1.4769755468873263e-04
  -3.6924729530857817e-05
