  -3.9979273472934551e+00
  -3.9917136850630617e+00
  -3.9813718920726600e+00
  -3.9669234032674834e+00
  -3.9483981653469580e+00
  -3.9258345746955983e+00
  -3.8992793978006386e+00
  -3.8687876743213416e+00
  -3.8344226030109052e+00
  -3.7962554107273920e+00
  -3.7543652048051888e+00
  -3.7088388090929771e+00
  -3.6597705839980499e+00
  -3.6072622309099560e+00
  -3.5514225814088398e+00
  -3.4923673716953707e+00
  -3.4302190027097978e+00
  -3.3651062864373076e+00
  -3.2971641789255113e+00
  -3.2265335005674323e+00
  -3.1533606442297351e+00
  -3.0777972718311508e+00
  -2.9999999999999991e+00
  -2.9201300754623043e+00
  -2.8383530408333275e+00
  -2.7548383915052286e+00
  -2.6697592243419717e+00
  -2.5832918789096491e+00
  -2.4956155719858000e+00
  -2.4069120261052679e+00
  -2.3173650929125031e+00
  -2.2271603721009496e+00
  -2.1364848267293417e+00
  -2.0455263957122112e+00
  -1.9544736042877886e+00
  -1.8635151732706585e+00
  -1.7728396278990504e+00
  -1.6826349070874975e+00
  -1.5930879738947326e+00
  -1.5043844280141998e+00
  -1.4167081210903500e+00
  -1.3302407756580272e+00
  -1.2451616084947705e+00
  -1.1616469591666714e+00
  -1.0798699245376950e+00
  -9.9999999999999967e-01
  -9.2220272816884896e-01
  -8.4663935577026572e-01
  -7.7346649943256729e-01
  -7.0283582107448805e-01
  -6.3489371356269197e-01
  -5.6978099729020137e-01
  -5.0763262830462896e-01
  -4.4857741859116035e-01
  -3.9273776909004365e-01
  -3.4022941600194978e-01
  -2.9116119090702275e-01
  -2.4563479519481141e-01
  -2.0374458927260763e-01
  -1.6557739698909382e-01
  -1.3121232567865793e-01
  -1.0072060219936127e-01
  -7.4165425304401317e-02
  -5.1601834653041953e-02
  -3.3076596732515680e-02
  -1.8628107927338738e-02
  -8.2863149369376034e-03
  -2.0726527065447909e-03
