  -3.9999999999999982e+00
  -3.9994249093063132e+00
  -3.9976999679545515e+00
  -3.9948261679424584e+00
  -3.9908051619656377e+00
  -3.9856392624672510e+00
  -3.9427632806515076e+00
  -3.9535959842151716e+00
  -3.9633051929090772e+00
  -3.9177529505917223e+00
  -3.9035897073036776e+00
  -3.9308133120051143e+00
  -3.9793314403080191e+00
  -3.8883317272903475e+00
  -3.8719877852740896e+00
  -3.8545672805037885e+00
  -3.9718853230576827e+00
  -3.8360802313496962e+00
  -3.8165372695416533e+00
  -3.6777763795032907e+00
  -3.7033980168332876e+00
  -3.6511898685913668e+00
  -3.7280400458161567e+00
  -3.6236537737525030e+00
  -3.5951839307385818e+00
  -3.5657967122914038e+00
  -3.7959496340551944e+00
  -3.7516882950503678e+00
  -3.5355090187267604e+00
  -3.5043382682153634e+00
  -3.4723023867657781e+00
  -3.2629845351745930e+00
  -3.2998076516338268e+00
  -3.2254350880629228e+00
  -3.3358832608090383e+00
  -3.1871809046363735e+00
  -3.4394197979152623e+00
  -3.3711906159530929e+00
  -3.1482439845198584e+00
  -3.1086467199737582e+00
  -3.0684118830164100e+00
  -3.0275626123281132e+00
  -2.9861223999442990e+00
  -2.9441150777454337e+00
  -2.7264279821387798e+00
  -2.7709024502914370e+00
  -2.8149335796191961e+00
  -2.6815357520139771e+00
  -2.6362515770207589e+00
  -2.8584960482293420e+00
  -2.5906014996667635e+00
  -2.5446117728866193e+00
  -2.4983088449442263e+00
  -2.4517193442225249e+00
  -3.7743291646478077e+00
  -2.4048700639098053e+00
  -2.3577879465911726e+00
  -2.1198362947221852e+00
  -2.1676743180761564e+00
  -2.2154159134902174e+00
  -2.0719293546303583e+00
  -2.2630336252171688e+00
  -2.0239810486360814e+00
  -1.9760189513639126e+00
  -1.9280706453696372e+00
  -1.8801637052778166e+00
  -1.8323256819238434e+00
  -1.7845840865097795e+00
  -1.7369663747828241e+00
  -1.5951299360902047e+00
  -1.6422120534088389e+00
  -1.5016911550557694e+00
  -1.5482806557774809e+00
  -1.4553882271133776e+00
  -1.4093985003332430e+00
  -1.3637484229792383e+00
  -1.3184642479860211e+00
  -1.2735720178611967e+00
  -1.2290975497085446e+00
  -1.1850664203807997e+00
  -1.1415039517706611e+00
  -8.5175601548014668e-01
  -8.9135328002624814e-01
  -9.3158811698359356e-01
  -9.7243738767188581e-01
  -1.0138776000557101e+00
  -8.1281909536362373e-01
  -7.7456491193707977e-01
  -7.3701546482539759e-01
  -7.0019234836616329e-01
  -6.6411673919096481e-01
  -4.3420328770861089e-01
  -4.0481606926140690e-01
  -3.7634622624749148e-01
  -3.4881013140862704e-01
  -3.2222362049670061e-01
  -4.6449098127325650e-01
  -4.9566173178464712e-01
   3.0677087978394800e-16
  -2.9660198316671410e-01
  -2.7195995418384794e-01
  -1.4543271949620415e-01
  -1.2801221472592025e-01
  -1.1166827270964141e-01
  -9.6410292696320302e-02
  -1.6391976865032259e-01
  -6.2880938404691133e-01
  -5.2769761323424091e-01
  -8.2247049408266243e-02
  -5.7509069368580205e-04
  -2.3000320454395480e-03
  -6.9186687994886892e-02
  -5.1738320575402527e-03
  -9.1948380343471400e-03
  -1.0558849222545676e+00
  -1.8346273045834843e-01
  -5.7236719348488042e-02
  -4.6404015784827161e-02
  -1.4360737532743331e-02
  -2.4831170494964833e-01
  -3.6694807090910241e-02
  -5.6058020208475512e-01
  -3.4057094121346574e+00
  -2.0405036594482659e-01
  -2.0668559692002861e-02
  -2.8114676942301273e-02
  -2.9015648037515995e+00
  -2.2567083535217791e-01
  -5.9429058786536060e-01
  -1.0984351962484169e+00
  -2.3105000687541324e+00
  -1.6894999312458716e+00
