  -3.9998583923333784e+00
  -3.9987256513139733e+00
  -3.9964608108717266e+00
  -3.9930651538362629e+00
  -3.9885406035438069e+00
  -3.9828897227476392e+00
  -3.9255551365884944e+00
  -3.9378746035630154e+00
  -3.9490964377939948e+00
  -3.9592142831153860e+00
  -3.9682224086722386e+00
  -3.9121450147472441e+00
  -3.8976518336746482e+00
  -3.8820838024622515e+00
  -3.8654497390082150e+00
  -3.8477590650225686e+00
  -3.8290218006908936e+00
  -3.6152315575606582e+00
  -3.6428415502409934e+00
  -3.6695210200305595e+00
  -3.6952548553945257e+00
  -3.7200284804153894e+00
  -3.5867066805824592e+00
  -3.5572830760995138e+00
  -3.8092485589985068e+00
  -3.7438278630490394e+00
  -3.5269774099536528e+00
  -3.4958068475958504e+00
  -3.4637890443634465e+00
  -3.7666395230725009e+00
  -3.3276151078853311e+00
  -3.3628358791877844e+00
  -3.2916423612948256e+00
  -3.2549380147617213e+00
  -3.2175228580174471e+00
  -3.1794180834039301e+00
  -3.4309421354800511e+00
  -3.3972847257834680e+00
  -3.1406452738699291e+00
  -3.1012263907463020e+00
  -3.0611837613068134e+00
  -3.0205400661217876e+00
  -2.9793183262115797e+00
  -2.7653668647301877e+00
  -2.7211776974049005e+00
  -2.8091225201398649e+00
  -2.6765800473774273e+00
  -2.9375418900071648e+00
  -2.6315991752300492e+00
  -2.5862605586062108e+00
  -2.8524198799663529e+00
  -2.5405898777795493e+00
  -3.7884505397194390e+00
  -2.4946130011084273e+00
  -2.4483559703838029e+00
  -2.4018449860788031e+00
  -2.3551063925086160e+00
  -2.2137902431302248e+00
  -2.1664070087575173e+00
  -2.1189295196888587e+00
  -2.2610523844401063e+00
  -2.0713846676779579e+00
  -2.0237993826336229e+00
  -1.9762006173663669e+00
  -1.9286153323220421e+00
  -1.8810704803111380e+00
  -1.8335929912424738e+00
  -1.7862097568697741e+00
  -1.7389476155598944e+00
  -1.5516440296162055e+00
  -1.5981550139212033e+00
  -1.5053869988915662e+00
  -1.6448936074913962e+00
  -1.4594101222204521e+00
  -1.4137394413937925e+00
  -1.3684008247699437e+00
  -1.3234199526225805e+00
  -1.2788223025950993e+00
  -1.2346331352698208e+00
  -1.1908774798601331e+00
  -9.7945993387820229e-01
  -9.3881623869318254e-01
  -8.9877360925370542e-01
  -8.5935472613007635e-01
  -1.0206816737884201e+00
  -8.2058191659607682e-01
  -7.8247714198255724e-01
  -7.4506198523829259e-01
  -1.1475801200336642e+00
  -7.0835763870518009e-01
  -6.7238489211466490e-01
  -4.7302259004635083e-01
  -3.5715844975901617e-01
  -3.8476844243934671e-01
  -4.1329331941752834e-01
  -4.4271692390048878e-01
  -3.3047897996943965e-01
  -3.0474514460547347e-01
  -5.0419315240415796e-01
  -1.4160766661804026e-04
  -1.2743486860153069e-03
  -1.1791619753774678e-01
  -1.3455026099179790e-01
  -1.0234816632536105e-01
  -8.7854985252754911e-02
  -7.4444863411516113e-02
  -3.5391891282771665e-03
  -6.2125396436985586e-02
  -1.5224093497742697e-01
  -6.9348461637353618e-03
  -5.0903562206014420e-02
  -2.7997151958460165e-01
  -1.1459396456205096e-02
  -1.7097819930912100e-01
  -4.0785716884615311e-02
  -6.3716412081221718e-01
  -2.5617213695097096e-01
  -5.3621095563654819e-01
  -1.7110277252380453e-02
  -1.9075144100149211e-01
  -3.1777591327769791e-02
  -1.0624581099928327e+00
  -2.3336047692751094e-01
  -2.8952344201254192e+00
  -5.6905786451994567e-01
  -6.0271527421652871e-01
  -2.3081666629086861e+00
  -1.1047655798745721e+00
  -2.1154946028057700e-01
  -1.6918333370913052e+00
  -2.3884287833397768e-02
  -3.9761157121666089e+00
