  -3.9999635000947449e+00
  -3.9996715088461063e+00
  -3.9990875689790601e+00
  -3.9982117657478176e+00
  -3.9970442270181792e+00
  -3.9955851232487549e+00
  -3.9938346674662388e+00
  -3.9917931152341715e+00
  -3.9894607646156759e+00
  -3.9868379561299525e+00
  -3.9839250727025615e+00
  -3.9807225396094772e+00
  -3.9772308244150594e+00
  -3.9734504369037600e+00
  -3.9693819290057002e+00
  -3.9650258947160468e+00
  -3.9603829700083728e+00
  -3.9554538327416933e+00
  -3.9502392025616655e+00
  -3.8983444744497318e+00
  -3.9447398407953607e+00
  -3.9389565503401589e+00
  -3.9058121637854013e+00
  -3.9328901755466239e+00
  -3.9199117568662887e+00
  -3.9265416020950292e+00
  -3.9130016078064345e+00
  -3.8905996300692838e+00
  -3.8825787613780585e+00
  -3.8742830394091858e+00
  -3.8657136753239034e+00
  -3.8568719202346564e+00
  -3.8188073999915466e+00
  -3.8287254154608843e+00
  -3.8477590650225504e+00
  -3.8383764401489233e+00
  -3.7300334552709669e+00
  -3.7420320399910185e+00
  -3.7537762910142729e+00
  -3.7652644937001036e+00
  -3.7764949707906497e+00
  -3.7874660826554027e+00
  -3.7981762275308473e+00
  -3.8086238417541600e+00
  -3.7177822886268643e+00
  -3.7052803287081710e+00
  -3.5208119312000639e+00
  -3.6925294007795855e+00
  -3.5363951560805447e+00
  -3.6795313664547749e+00
  -3.6662881234245357e+00
  -3.6528016051796461e+00
  -3.5517540698973797e+00
  -3.5668864302753907e+00
  -3.5817900279158796e+00
  -3.5964626869190721e+00
  -3.6390737807287201e+00
  -3.6251066543106254e+00
  -3.6109022651018763e+00
  -3.4889816811615790e+00
  -3.5050066703800411e+00
  -3.4562819077515701e+00
  -3.4727393031656111e+00
  -3.3883506704302100e+00
  -3.4056437993682307e+00
  -3.4227317067169136e+00
  -3.4396118976710319e+00
  -3.3708548446700846e+00
  -3.2617683252312664e+00
  -3.2804256809249810e+00
  -3.2988960966603780e+00
  -3.3171768757883462e+00
  -3.3352653493464461e+00
  -3.3531588764484477e+00
  -2.9401283249012682e+00
  -2.9613889541055838e+00
  -3.2429267535212216e+00
  -2.9825092221677467e+00
  -3.0034860455647836e+00
  -3.2239037166320941e+00
  -3.2047019918947175e+00
  -3.1853243827280373e+00
  -3.1657737182298331e+00
  -3.1460528527636509e+00
  -3.1261646655421242e+00
  -3.1061120602065215e+00
  -3.0858979644029629e+00
  -3.0655253293548119e+00
  -3.0449971294319051e+00
  -2.8971984191674474e+00
  -2.9187304385703019e+00
  -3.0243163617163296e+00
  -2.7653668647301823e+00
  -2.7876370130367039e+00
  -2.8097921676871453e+00
  -2.8755354103306709e+00
  -2.8318290940668405e+00
  -2.7429849741711134e+00
  -2.7204946090772477e+00
  -2.6978990530033609e+00
  -2.5603024592544692e+00
  -2.5834593803599337e+00
  -2.6065311173943102e+00
  -2.6295143019234444e+00
  -2.6524055784417397e+00
  -2.2770166440540796e+00
  -2.5370637349487430e+00
  -2.5137466002567632e+00
  -2.3247974339250521e+00
  -2.3486184414309830e+00
  -2.3723885512410368e+00
  -2.3961042929598251e+00
  -2.4197622041296940e+00
  -2.4433588307360474e+00
  -2.4668907277118119e+00
  -2.8537445748222616e+00
  -2.6752016048619871e+00
  -2.4903544594402605e+00
  -2.2050508865008394e+00
  -2.2290740842638703e+00
  -2.2530638376025989e+00
  -2.3009290065495742e+00
  -2.1809977516592705e+00
  -2.1569181914556967e+00
  -2.1328157214646630e+00
  -2.0604060556017765e+00
  -2.0362471613939364e+00
  -2.0120829751625382e+00
  -1.9879170248374622e+00
  -2.1086938606056220e+00
  -2.0845561306288878e+00
  -1.9637528386060799e+00
  -1.5566411692639481e+00
  -1.5802377958703024e+00
  -1.6038957070401578e+00
  -1.6276114487589557e+00
  -1.6513815585690119e+00
  -1.6752025660749481e+00
  -1.7709259157361259e+00
  -1.7949491134991582e+00
  -1.8190022483407358e+00
  -1.7469361623973994e+00
  -1.8430818085443088e+00
  -1.7229833559459160e+00
  -1.9395939443982162e+00
  -1.8671842785353365e+00
  -1.9154438693711149e+00
  -1.8913061393944020e+00
  -1.5331092722881881e+00
  -1.4629362650512467e+00
  -1.4396975407455244e+00
  -1.4165406196400596e+00
  -1.4862533997432366e+00
  -1.3934688826056900e+00
  -1.3704856980765543e+00
  -1.2123629869632941e+00
  -1.2346331352698208e+00
  -1.2570150258288850e+00
  -1.2795053909227683e+00
  -1.3021009469966531e+00
  -1.3475944215582665e+00
  -1.1902078323128531e+00
  -1.6990709934504473e+00
  -1.5096455405597271e+00
  -1.1681709059331447e+00
  -1.1244645896693197e+00
  -1.1028015808325615e+00
  -1.0812695614296999e+00
  -1.0598716750987187e+00
  -1.0386110458944084e+00
  -1.0174907778322444e+00
  -9.9651395443523094e-01
  -8.7383533445788708e-01
  -8.9388793979347470e-01
  -9.1410203559704639e-01
  -9.3447467064520828e-01
  -9.5500287056810396e-01
  -8.5394714723636000e-01
  -8.3422628177017921e-01
  -8.1467561727196691e-01
  -9.7568363828367488e-01
  -7.9529800810527773e-01
  -7.5707324647877006e-01
  -7.3823167476874019e-01
  -7.1957431907502389e-01
  -7.0110390333963091e-01
  -6.8282312421165392e-01
  -6.6473465065356296e-01
  -6.1164932956978912e-01
  -6.2914515532992299e-01
  -5.9435620063176686e-01
  -5.7726829328308371e-01
  -5.6038810232897207e-01
  -7.7609628336790437e-01
  -5.4371809224842793e-01
  -4.9499332961994491e-01
  -4.7918806879993814e-01
  -4.6360484391943657e-01
  -4.4824593010261254e-01
  -4.3311356972460080e-01
  -4.1820997208412131e-01
  -3.6092621927128776e-01
  -3.4719839482035264e-01
  -3.7489334568939381e-01
  -3.3371187657546214e-01
  -3.2046863354520361e-01
  -3.0747059922039899e-01
  -2.5796796000896793e-01
  -2.4622370898573298e-01
  -2.6996654472904075e-01
  -2.3473550629988454e-01
  -2.9471967129181759e-01
  -2.2350502920936219e-01
  -2.1253391734459609e-01
  -1.5224093497742611e-01
  -1.6162355985108065e-01
  -1.7127458453912661e-01
  -1.8119260000847534e-01
  -2.0182377246914820e-01
  -5.2726069683438770e-01
  -1.4312807976534259e-01
  -1.3428632467609122e-01
  -6.4684112355153656e-01
  -4.9760797438335398e-02
  -4.4546167258306200e-02
  -3.6499905256029437e-05
  -3.2849115388933561e-04
  -9.1243102093319301e-04
  -6.1653325337444522e-03
  -4.4148767512283598e-03
  -8.2068847658191800e-03
  -4.0353731308091911e-01
  -1.2571696059078918e-01
  -8.0088243133714793e-02
  -8.6998392193569404e-02
  -7.3458397904966805e-02
  -1.0165552555026579e-01
  -1.0940036993071985e-01
  -6.7109824453387326e-02
  -5.5260159204647129e-02
  -3.4974105283952964e-02
  -3.9617029991643786e-02
  -3.0618070994295407e-02
  -1.0539235384317856e-02
  -1.3162043870043478e-02
  -1.6074927297444346e-02
  -1.7882342521674706e-03
  -1.9277460390523565e-02
  -2.9557729818177466e-03
  -5.1101831883843218e-01
  -9.4187836214594117e-02
  -2.6549563096224620e-02
  -2.2769175584932456e-02
  -3.8909773489810695e-01
  -2.8221771137311202e-01
  -6.1043449659834367e-02
  -1.3247983951380111e+00
  -1.1462554251777473e+00
  -1.1742123862192903e-01
  -1.9137615824584175e-01
