  -3.9999635000947396e+00
  -3.9996715088461179e+00
  -3.9990875689790659e+00
  -3.9982117657478282e+00
  -3.9970442270181827e+00
  -3.9955851232487807e+00
  -3.9938346674662633e+00
  -3.9917931152341808e+00
  -3.9894607646156754e+00
  -3.9868379561299636e+00
  -3.9839250727025539e+00
  -3.9807225396094625e+00
  -3.9772308244150700e+00
  -3.9734504369037764e+00
  -3.9693819290057029e+00
  -3.9650258947160424e+00
  -3.9603829700083608e+00
  -3.9554538327416937e+00
  -3.9502392025616677e+00
  -3.9447398407953509e+00
  -3.9389565503401642e+00
  -3.9328901755466110e+00
  -3.9265416020950239e+00
  -3.8568719202346644e+00
  -3.9199117568662869e+00
  -3.9130016078064331e+00
  -3.8657136753239234e+00
  -3.9058121637854160e+00
  -3.8983444744497455e+00
  -3.8905996300692807e+00
  -3.8825787613780687e+00
  -3.8742830394092045e+00
  -3.8477590650225824e+00
  -3.8383764401489078e+00
  -3.8287254154608861e+00
  -3.8188073999915146e+00
  -3.8086238417541525e+00
  -3.7981762275308326e+00
  -3.7874660826553979e+00
  -3.7652644937001090e+00
  -3.6109022651018821e+00
  -3.6251066543106054e+00
  -3.6390737807287077e+00
  -3.7764949707906399e+00
  -3.7537762910142627e+00
  -3.7420320399910385e+00
  -3.7300334552709677e+00
  -3.6528016051796799e+00
  -3.7177822886268999e+00
  -3.7052803287081750e+00
  -3.6662881234245401e+00
  -3.6925294007795890e+00
  -3.6795313664547749e+00
  -3.5817900279158850e+00
  -3.5964626869190708e+00
  -3.5517540698973753e+00
  -3.5668864302753835e+00
  -3.5208119312000550e+00
  -3.5363951560805753e+00
  -3.4889816811615670e+00
  -3.5050066703800447e+00
  -3.4562819077515816e+00
  -3.4727393031656177e+00
  -3.3708548446700837e+00
  -3.3883506704302269e+00
  -3.4056437993682342e+00
  -3.4227317067169110e+00
  -3.4396118976710381e+00
  -3.3531588764484668e+00
  -3.3352653493464506e+00
  -3.2617683252312699e+00
  -3.2804256809249845e+00
  -3.2988960966603562e+00
  -3.3171768757883551e+00
  -3.2429267535212229e+00
  -3.2239037166320967e+00
  -3.2047019918947086e+00
  -3.0449971294319038e+00
  -3.0655253293547879e+00
  -3.1853243827280187e+00
  -3.0858979644029496e+00
  -3.1061120602065260e+00
  -3.1261646655421074e+00
  -3.1460528527636504e+00
  -3.1657737182298429e+00
  -2.9187304385703015e+00
  -2.9401283249012820e+00
  -2.9613889541055882e+00
  -3.0243163617163216e+00
  -2.9825092221677756e+00
  -3.0034860455647920e+00
  -2.8971984191674243e+00
  -2.7653668647301766e+00
  -2.7876370130367039e+00
  -2.8755354103306754e+00
  -2.8537445748222665e+00
  -2.8097921676871582e+00
  -2.7429849741711081e+00
  -2.7204946090772166e+00
  -2.6978990530033533e+00
  -2.6752016048620031e+00
  -2.6295143019234577e+00
  -2.6065311173943053e+00
  -2.5834593803599457e+00
  -2.5603024592544692e+00
  -2.5370637349487617e+00
  -2.5137466002567908e+00
  -2.8318290940668667e+00
  -2.4903544594402756e+00
  -2.2290740842638823e+00
  -2.4433588307360621e+00
  -2.4197622041297024e+00
  -2.3961042929598482e+00
  -2.3723885512410381e+00
  -2.3486184414309923e+00
  -2.2530638376025935e+00
  -2.3247974339250486e+00
  -2.3009290065495733e+00
  -2.2770166440540844e+00
  -2.6524055784417446e+00
  -2.4668907277117826e+00
  -2.1569181914556967e+00
  -2.1809977516592851e+00
  -2.2050508865008598e+00
  -2.1328157214646768e+00
  -2.0120829751625369e+00
  -2.0362471613939266e+00
  -2.0604060556017751e+00
  -2.0845561306288998e+00
  -2.1086938606056007e+00
  -1.9879170248374616e+00
  -1.9395939443982211e+00
  -1.9637528386060654e+00
  -1.9154438693711229e+00
  -1.8671842785353194e+00
  -1.8430818085443084e+00
  -1.8190022483407273e+00
  -1.7949491134991538e+00
  -1.7709259157361248e+00
  -1.7469361623974129e+00
  -1.6038957070401580e+00
  -1.6276114487589612e+00
  -1.6752025660749466e+00
  -1.6513815585690153e+00
  -1.6990709934504324e+00
  -1.8913061393943991e+00
  -1.7229833559459218e+00
  -1.5802377958703104e+00
  -1.5566411692639424e+00
  -1.2570150258288844e+00
  -1.2795053909227614e+00
  -1.5096455405597256e+00
  -1.4862533997432306e+00
  -1.4629362650512487e+00
  -1.3021009469966509e+00
  -1.4396975407455284e+00
  -1.3247983951380071e+00
  -1.4165406196400563e+00
  -1.3934688826056985e+00
  -1.3704856980765550e+00
  -1.2346331352698194e+00
  -1.2123629869632879e+00
  -1.1902078323128531e+00
  -1.1462554251777546e+00
  -1.1244645896693179e+00
  -1.1028015808325640e+00
  -1.0812695614297090e+00
  -1.0598716750987247e+00
  -1.0386110458944093e+00
  -3.6499905253949354e-05
  -3.2849115388749897e-04
  -1.5331092722882027e+00
  -9.5500287056810218e-01
  -9.3447467064520262e-01
  -9.1410203559704628e-01
  -9.7568363828368099e-01
  -8.9388793979347358e-01
  -1.0174907778322417e+00
  -8.7383533445789230e-01
  -8.5394714723635923e-01
  -8.1467561727196780e-01
  -7.9529800810528029e-01
  -7.7609628336789238e-01
  -9.1243102093096010e-04
  -1.7882342521642702e-03
  -5.5260159204646386e-02
  -4.9760797438333802e-02
  -2.9557729818167509e-03
  -4.4148767512269572e-03
  -6.1653325337444912e-03
  -3.0618070994295397e-02
  -2.6549563096224627e-02
  -2.2769175584931255e-02
  -1.9277460390522555e-02
  -1.6074927297442736e-02
  -1.3162043870041287e-02
  -8.2068847658181392e-03
  -7.5707324647876839e-01
  -6.7109824453386507e-02
  -6.1043449659833403e-02
  -4.4546167258306159e-02
  -7.3823167476874763e-01
  -3.9617029991641677e-02
  -1.1742123862192799e-01
  -1.2571696059078899e-01
  -1.0940036993071892e-01
  -1.0165552555026501e-01
  -9.4187836214593729e-02
  -7.3458397904967193e-02
  -8.6998392193569779e-02
  -7.1957431907502523e-01
  -6.2914515532992310e-01
  -6.1164932956978768e-01
  -5.9435620063176564e-01
  -5.7726829328308249e-01
  -5.2726069683438692e-01
  -5.1101831883843007e-01
  -4.9499332961994752e-01
  -4.7918806879993642e-01
  -4.4824593010261693e-01
  -1.3428632467609150e-01
  -1.7127458453912559e-01
  -1.8119260000847506e-01
  -1.6162355985108076e-01
  -1.5224093497742675e-01
  -1.9137615824584109e-01
  -9.9651395443522850e-01
  -4.0353731308091806e-01
  -3.7489334568939003e-01
  -3.6092621927128776e-01
  -4.6360484391943912e-01
  -6.6473465065356463e-01
  -6.4684112355153756e-01
  -5.4371809224842371e-01
  -2.0182377246914882e-01
  -4.1820997208411775e-01
  -2.1253391734459579e-01
  -3.4719839482035142e-01
  -3.8909773489810923e-01
  -3.3371187657546186e-01
  -2.9471967129181648e-01
  -3.0747059922039893e-01
  -8.3422628177017610e-01
  -7.0110390333963291e-01
  -2.6996654472904213e-01
  -1.0539235384317379e-02
  -5.6038810232897018e-01
  -2.8221771137311125e-01
  -2.4622370898573367e-01
  -2.3473550629988787e-01
  -2.5796796000896660e-01
  -6.8282312421165492e-01
  -3.4974105283951812e-02
  -3.2046863354520300e-01
  -2.2350502920936188e-01
  -1.3475944215582609e+00
  -1.1681709059331558e+00
  -8.0088243133713891e-02
  -4.3311356972460024e-01
  -1.4312807976534186e-01
