  -3.9994420744240569e+00
  -3.9977686089771689e+00
  -3.9949805373285114e+00
  -3.9910794150145672e+00
  -3.9860674185712481e+00
  -3.9799473443195565e+00
  -3.9727226068054442e+00
  -3.9643972368947513e+00
  -3.9549758795242775e+00
  -3.9444637911102616e+00
  -3.9328668366156863e+00
  -3.9201914862780658e+00
  -3.9064448119995383e+00
  -3.8916344834012691e+00
  -3.8757687635443703e+00
  -3.8588565043197312e+00
  -3.8409071415093203e+00
  -3.8219306895217207e+00
  -3.8019377358048372e+00
  -3.7809394349388881e+00
  -3.7589475024129779e+00
  -3.7359742080887255e+00
  -3.7120323693545991e+00
  -3.6871353439747647e+00
  -3.6612970226364454e+00
  -3.6345318211999555e+00
  -3.6068546726557220e+00
  -3.5782810187927869e+00
  -3.5488268015834388e+00
  -3.5185084542887770e+00
  -3.4873428922901786e+00
  -3.4553475036517716e+00
  -3.4225401394191888e+00
  -3.3889391036600167e+00
  -3.3545631432514824e+00
  -3.3194314374210938e+00
  -3.2835635870460624e+00
  -3.2469796037174667e+00
  -3.2096998985752752e+00
  -3.1717452709204497e+00
  -3.1331368966104858e+00
  -3.0938963162448543e+00
  -3.0540454231469574e+00
  -3.0136064511492804e+00
  -2.9726019621885635e+00
  -2.9310548337179267e+00
  -2.8889882459429512e+00
  -2.8464256688888501e+00
  -2.8033908493059387e+00
  -2.7599077974207198e+00
  -2.7160007735399594e+00
  -2.6716942745152448e+00
  -2.6270130200755624e+00
  -2.5819819390355288e+00
  -2.5366261553869691e+00
  -2.4909709742815984e+00
  -2.4450418679126287e+00
  -2.3988644613031846e+00
  -2.3524645180094437e+00
  -2.3058679257464916e+00
  -2.2591006819449047e+00
  -2.2121888792461162e+00
  -2.1651586909446650e+00
  -2.1180363563854456e+00
  -2.0708481663241076e+00
  -2.0236204482587690e+00
  -1.9763795517412315e+00
  -1.9291518336758922e+00
  -1.8819636436145539e+00
  -1.8348413090553353e+00
  -1.7878111207538840e+00
  -1.7408993180550953e+00
  -1.6941320742535082e+00
  -1.6475354819905568e+00
  -1.6011355386968160e+00
  -1.5549581320873713e+00
  -1.5090290257184018e+00
  -1.4633738446130307e+00
  -1.4180180609644710e+00
  -1.3729869799244372e+00
  -1.3283057254847548e+00
  -1.2839992264600402e+00
  -1.2400922025792798e+00
  -1.1966091506940610e+00
  -1.1535743311111497e+00
  -1.1110117540570488e+00
  -1.0689451662820737e+00
  -1.0273980378114373e+00
  -9.8639354885072028e-01
  -9.4595457685304241e-01
  -9.0610368375514616e-01
  -8.6686310338951511e-01
  -8.2825472907955033e-01
  -7.9030010142472495e-01
  -7.5302039628253303e-01
  -7.1643641295393690e-01
  -6.8056856257890574e-01
  -6.4543685674851792e-01
  -6.1106089633998284e-01
  -5.7745986058081000e-01
  -5.4465249634822754e-01
  -5.1265710770982065e-01
  -4.8149154571122260e-01
  -4.5117319841656134e-01
  -4.2171898120721285e-01
  -3.9314532734427760e-01
  -3.6546817880004401e-01
  -3.3870297736355415e-01
  -3.1286465602523461e-01
  -2.8796763064539976e-01
  -2.6402579191127373e-01
  -2.4105249758702174e-01
  -2.1906056506111121e-01
  -1.9806226419516174e-01
  -1.7806931047827884e-01
  -1.5909285849067953e-01
  -1.4114349568026852e-01
  -1.2423123645562921e-01
  -1.0836551659873048e-01
  -9.3555188000461212e-02
  -7.9808513721934565e-02
  -6.7133163384314576e-02
  -5.5536208889738814e-02
  -4.5024120475722795e-02
  -3.5602763105248889e-02
  -2.7277393194555234e-02
  -2.0052655680443253e-02
  -1.3932581428751829e-02
  -8.9205849854327428e-03
  -5.0194626714882545e-03
  -2.2313910228322215e-03
  -5.5792557594497522e-04
