3.0e-3

97.7 82.7 82.7 0 0 0
82.7 127.7 52.7 0 0 0
82.7 52.7 127.7 0 0 0 
0 0 0 7.5 0 0
0 0 0 0 37.5 0 
0 0 0 0 0 37.5

0.079 -0.0359 -0.0264
-0.0359 0.0047 0.081
-0.0264 0.081 -0.0087

0.079 0.0359 0.0264
0.0359 0.0047 0.081
0.0264 0.081 -0.0087

0.079 -0.0359 0.0264
-0.0359 0.0047 -0.081
0.0264 -0.081 -0.0087

0.079 0.0359 -0.0264
0.0359 0.0047 -0.081
-0.0264 -0.081 -0.0087

0.079 -0.0264 -0.0359
-0.0264 -0.0087 0.081
-0.0359 0.081 0.0047

0.079 0.0264 0.0359
0.0264 -0.0087 0.081
0.0359 0.081 0.0047
